   9.9997521e+01
   9.9997461e+01
   9.9997399e+01
   9.9997336e+01
   9.9997271e+01
   9.9997205e+01
   9.9997137e+01
   9.9997068e+01
   9.9996997e+01
   9.9996924e+01
   9.9996849e+01
   9.9996772e+01
   9.9996694e+01
   9.9996614e+01
   9.9996531e+01
   9.9996447e+01
   9.9996361e+01
   9.9996272e+01
   9.9996182e+01
   9.9996089e+01
   9.9995994e+01
   9.9995897e+01
   9.9995797e+01
   9.9995695e+01
   9.9995591e+01
   9.9995483e+01
   9.9995374e+01
   9.9995261e+01
   9.9995146e+01
   9.9995028e+01
   9.9994908e+01
   9.9994784e+01
   9.9994657e+01
   9.9994527e+01
   9.9994394e+01
   9.9994258e+01
   9.9994119e+01
   9.9993976e+01
   9.9993830e+01
   9.9993680e+01
   9.9993526e+01
   9.9993369e+01
   9.9993208e+01
   9.9993043e+01
   9.9992874e+01
   9.9992701e+01
   9.9992524e+01
   9.9992342e+01
   9.9992156e+01
   9.9991965e+01
   9.9991770e+01
   9.9991570e+01
   9.9991366e+01
   9.9991156e+01
   9.9990941e+01
   9.9990721e+01
   9.9990496e+01
   9.9990265e+01
   9.9990028e+01
   9.9989786e+01
   9.9989538e+01
   9.9989284e+01
   9.9989024e+01
   9.9988757e+01
   9.9988484e+01
   9.9988204e+01
   9.9987918e+01
   9.9987624e+01
   9.9987323e+01
   9.9987016e+01
   9.9986700e+01
   9.9986377e+01
   9.9986046e+01
   9.9985707e+01
   9.9985360e+01
   9.9985004e+01
   9.9984640e+01
   9.9984267e+01
   9.9983885e+01
   9.9983493e+01
   9.9983093e+01
   9.9982682e+01
   9.9982261e+01
   9.9981830e+01
   9.9981389e+01
   9.9980937e+01
   9.9980474e+01
   9.9980000e+01
   9.9979514e+01
   9.9979016e+01
   9.9978506e+01
   9.9977984e+01
   9.9977450e+01
   9.9976902e+01
   9.9976341e+01
   9.9975766e+01
   9.9975177e+01
   9.9974574e+01
   9.9973957e+01
   9.9973324e+01
   9.9972676e+01
   9.9972013e+01
   9.9971333e+01
   9.9970636e+01
   9.9969923e+01
   9.9969193e+01
   9.9968444e+01
   9.9967678e+01
   9.9966893e+01
   9.9966088e+01
   9.9965265e+01
   9.9964421e+01
   9.9963557e+01
   9.9962672e+01
   9.9961765e+01
   9.9960836e+01
   9.9959885e+01
   9.9958910e+01
   9.9957912e+01
   9.9956890e+01
   9.9955843e+01
   9.9954770e+01
   9.9953672e+01
   9.9952546e+01
   9.9951394e+01
   9.9950213e+01
   9.9949004e+01
   9.9947765e+01
   9.9946496e+01
   9.9945196e+01
   9.9943865e+01
   9.9942502e+01
   9.9941105e+01
   9.9939674e+01
   9.9938209e+01
   9.9936708e+01
   9.9935171e+01
   9.9933596e+01
   9.9931983e+01
   9.9930331e+01
   9.9928639e+01
   9.9926905e+01
   9.9925130e+01
   9.9923311e+01
   9.9921448e+01
   9.9919540e+01
   9.9917586e+01
   9.9915584e+01
   9.9913534e+01
   9.9911433e+01
   9.9909282e+01
   9.9907078e+01
   9.9904821e+01
   9.9902509e+01
   9.9900141e+01
   9.9897716e+01
   9.9895231e+01
   9.9892686e+01
   9.9890080e+01
   9.9887410e+01
   9.9884675e+01
   9.9881874e+01
   9.9879004e+01
   9.9876065e+01
   9.9873055e+01
   9.9869971e+01
   9.9866813e+01
   9.9863578e+01
   9.9860264e+01
   9.9856870e+01
   9.9853393e+01
   9.9849832e+01
   9.9846184e+01
   9.9842448e+01
   9.9838621e+01
   9.9834701e+01
   9.9830686e+01
   9.9826573e+01
   9.9822361e+01
   9.9818046e+01
   9.9813626e+01
   9.9809099e+01
   9.9804462e+01
   9.9799712e+01
   9.9794847e+01
   9.9789864e+01
   9.9784760e+01
   9.9779531e+01
   9.9774176e+01
   9.9768691e+01
   9.9763072e+01
   9.9757317e+01
   9.9751422e+01
   9.9745384e+01
   9.9739200e+01
   9.9732865e+01
   9.9726376e+01
   9.9719729e+01
   9.9712922e+01
   9.9705948e+01
   9.9698806e+01
   9.9691490e+01
   9.9683996e+01
   9.9676320e+01
   9.9668458e+01
   9.9660404e+01
   9.9652156e+01
   9.9643706e+01
   9.9635052e+01
   9.9626187e+01
   9.9617107e+01
   9.9607807e+01
   9.9598280e+01
   9.9588522e+01
   9.9578527e+01
   9.9568289e+01
   9.9557803e+01
   9.9547062e+01
   9.9536060e+01
   9.9524791e+01
   9.9513248e+01
   9.9501424e+01
   9.9489314e+01
   9.9476909e+01
   9.9464203e+01
   9.9451188e+01
   9.9437858e+01
   9.9424203e+01
   9.9410217e+01
   9.9395891e+01
   9.9381217e+01
   9.9366186e+01
   9.9350791e+01
   9.9335021e+01
   9.9318869e+01
   9.9302324e+01
   9.9285377e+01
   9.9268018e+01
   9.9250238e+01
   9.9232026e+01
   9.9213372e+01
   9.9194265e+01
   9.9174693e+01
   9.9154646e+01
   9.9134112e+01
   9.9113080e+01
   9.9091536e+01
   9.9069469e+01
   9.9046866e+01
   9.9023714e+01
   9.9000000e+01
   9.8975710e+01
   9.8950829e+01
   9.8925345e+01
   9.8899241e+01
   9.8872503e+01
   9.8845116e+01
   9.8817063e+01
   9.8788329e+01
   9.8758898e+01
   9.8728751e+01
   9.8697872e+01
   9.8666243e+01
   9.8633845e+01
   9.8600661e+01
   9.8566671e+01
   9.8531855e+01
   9.8496193e+01
   9.8459665e+01
   9.8422250e+01
   9.8383926e+01
   9.8344671e+01
   9.8304462e+01
   9.8263277e+01
   9.8221091e+01
   9.8177881e+01
   9.8133621e+01
   9.8088286e+01
   9.8041850e+01
   9.7994286e+01
   9.7945567e+01
   9.7895664e+01
   9.7844549e+01
   9.7792192e+01
   9.7738564e+01
   9.7683633e+01
   9.7627368e+01
   9.7569736e+01
   9.7510704e+01
   9.7450238e+01
   9.7388304e+01
   9.7324865e+01
   9.7259885e+01
   9.7193326e+01
   9.7125151e+01
   9.7055320e+01
   9.6983793e+01
   9.6910529e+01
   9.6835484e+01
   9.6758617e+01
   9.6679883e+01
   9.6599236e+01
   9.6516631e+01
   9.6432019e+01
   9.6345351e+01
   9.6256579e+01
   9.6165650e+01
   9.6072512e+01
   9.5977112e+01
   9.5879395e+01
   9.5779304e+01
   9.5676782e+01
   9.5571770e+01
   9.5464207e+01
   9.5354031e+01
   9.5241179e+01
   9.5125585e+01
   9.5007184e+01
   9.4885907e+01
   9.4761684e+01
   9.4634444e+01
   9.4504113e+01
   9.4370616e+01
   9.4233877e+01
   9.4093816e+01
   9.3950353e+01
   9.3803405e+01
   9.3652887e+01
   9.3498714e+01
   9.3340796e+01
   9.3179042e+01
   9.3013358e+01
   9.2843651e+01
   9.2669821e+01
   9.2491768e+01
   9.2309391e+01
   9.2122583e+01
   9.1931239e+01
   9.1735246e+01
   9.1534492e+01
   9.1328862e+01
   9.1118238e+01
   9.0902497e+01
   9.0681516e+01
   9.0455167e+01
   9.0223320e+01
   8.9985841e+01
   8.9742594e+01
   8.9493438e+01
   8.9238230e+01
   8.8976824e+01
   8.8709067e+01
   8.8434807e+01
   8.8153885e+01
   8.7866139e+01
   8.7571403e+01
   8.7269509e+01
   8.6960281e+01
   8.6643542e+01
   8.6319110e+01
   8.5986796e+01
   8.5646411e+01
   8.5297758e+01
   8.4940636e+01
   8.4574839e+01
   8.4200157e+01
   8.3816374e+01
   8.3423268e+01
   8.3020614e+01
   8.2608180e+01
   8.2185727e+01
   8.1753012e+01
   8.1309787e+01
   8.0855796e+01
   8.0390777e+01
   7.9914463e+01
   7.9426579e+01
   7.8926844e+01
   7.8414970e+01
   7.7890663e+01
   7.7353620e+01
   7.6803533e+01
   7.6240083e+01
   7.5662947e+01
   7.5071792e+01
   7.4466278e+01
   7.3846056e+01
   7.3210768e+01
   7.2560049e+01
   7.1893524e+01
   7.1210809e+01
   7.0511511e+01
   6.9795226e+01
   6.9061542e+01
   6.8310037e+01
   6.7540278e+01
   6.6751821e+01
   6.5944212e+01
   6.5116986e+01
   6.4269667e+01
   6.3401766e+01
   6.2512783e+01
   6.1602206e+01
   6.0669512e+01
   5.9714162e+01
   5.8735606e+01
   5.7733281e+01
   5.6706609e+01
   5.5654998e+01
   5.4577844e+01
   5.3474526e+01
   5.2344407e+01
   5.1186837e+01
   5.0001150e+01
   4.8786662e+01
   4.7542674e+01
   4.6268469e+01
   4.4963313e+01
   4.3626454e+01
   4.2257123e+01
   4.0854530e+01
   3.9417868e+01
   3.7946309e+01
   3.6439005e+01
   3.4895088e+01
   3.3313669e+01
   3.1693837e+01
   3.0042854e+01
   2.8409531e+01
   2.6804298e+01
   2.5229904e+01
   2.3689215e+01
   2.2185172e+01
   2.0720734e+01
   1.9298829e+01
   1.7922303e+01
   1.6593867e+01
   1.5316048e+01
   1.4091140e+01
   1.2921159e+01
   1.1807805e+01
   1.0752425e+01
   9.7559890e+00
   8.8190724e+00
   7.9418423e+00
   7.1240577e+00
   6.3650753e+00
   5.6638638e+00
   5.0190266e+00
   4.4288304e+00
   3.8912394e+00
   3.4039550e+00
   2.9644583e+00
   2.5700546e+00
   2.2179190e+00
   1.9051416e+00
   1.6287710e+00
   1.3858555e+00
   1.1734808e+00
   9.8880353e-01
   8.2908079e-01
   6.9169439e-01
   5.7417041e-01
   4.7419391e-01
   3.8961889e-01
   3.1847398e-01
   2.5896414e-01
   2.0946890e-01
   1.6853766e-01
   1.3488254e-01
   1.0736938e-01
   8.5007303e-02
   6.6937407e-02
   5.2420927e-02
   4.0827289e-02
   3.1622326e-02
   2.4356921e-02
   1.8656262e-02
   1.4209845e-02
   1.0762317e-02
   8.1051982e-03
   6.0695004e-03
   4.5192269e-03
   3.3457082e-03
   2.4627245e-03
   1.8023492e-03
   1.3114424e-03
   9.4872147e-04
   6.8233852e-04
   4.8789387e-04
   3.4682315e-04
   2.4509883e-04
   1.7219409e-04
   1.2026321e-04
   8.3498506e-05
   5.7630199e-05
   3.9540422e-05
   2.6967877e-05
   1.8283576e-05
   1.2321946e-05
   8.2546037e-06
