-5.53223e-07
2.6416e-06
6.00586e-08
-2.29785e-06
5.67871e-07
3.98438e-07
3.19385e-06
-2.93408e-06
-3.35596e-06
-2.33057e-06
-2.1167e-06
1.65625e-06
2.1001e-06
9.56055e-07
1.96533e-06
-3.38965e-06
2.61719e-07
-2.85693e-06
1.99561e-06
3.04297e-06
3.13818e-06
-4.95117e-07
-1.6333e-06
2.31787e-06
-1.93555e-06
-2.42871e-06
-2.08496e-06
-1.45703e-06
3.27295e-06
4.05273e-07
-3.13037e-06
-3.29248e-06
-9.27734e-07
1.229e-06
5.54688e-07
5.38086e-07
3.15039e-06
-4.13574e-07
-2.84717e-06
-6.20117e-07
7.62695e-07
4.02002e-06
-3.42334e-06
1.71045e-06
-3.37109e-06
-8.66211e-07
9.56543e-07
-1.6123e-06
-7.23145e-07
2.88574e-06
0
2.18799e-06
1.13623e-06
2.27881e-06
3.91602e-07
-1.6665e-06
-2.72998e-06
-1.10303e-06
1.66406e-06
7.39746e-07
2.86426e-06
-2.46191e-06
5.04395e-07
1.41992e-06
1.19043e-06
2.52979e-06
-2.99854e-06
-3.79297e-06
3.05127e-06
7.32422e-09
-2.10059e-06
5.03418e-07
-2.48193e-06
1.65527e-07
2.98047e-06
3.85791e-06
2.43652e-06
7.61719e-08
-1.19971e-06
-2.42627e-06
-2.08398e-06
1.14722e-06
-5.4834e-07
1.01831e-06
3.34473e-07
-1.70264e-06
0.0110685
0.0203564
0.0657988
0.0868045
0.0835466
0.0653995
0.0435291
0.0251007
0.0126799
0.00565323
0.00223433
0.00078519
0.000245433
7.00911e-05
-8.2546e-06
