95.1147
95.1146
95.1146
95.1146
95.1145
95.1145
95.1144
95.1144
95.1144
95.1143
95.1143
95.1142
95.1142
95.1141
95.1141
95.114
95.114
95.1139
95.1139
95.1138
95.1138
95.1137
95.1137
95.1136
95.1136
95.1135
95.1135
95.1134
95.1134
95.1133
95.1133
95.1132
95.1131
95.1131
95.113
95.1129
95.1129
95.1128
95.1128
95.1127
95.1126
95.1126
95.1125
95.1124
95.1123
95.1123
95.1122
95.1121
95.112
95.112
95.1119
95.1118
95.1117
95.1117
95.1116
95.1115
95.1114
95.1113
95.1112
95.1111
95.111
95.111
95.1109
95.1108
95.1107
95.1106
95.1105
95.1104
95.1103
95.1102
95.1101
95.1099
95.1098
95.1097
95.1096
95.1095
95.1094
95.1093
95.1092
95.109
95.1089
95.1088
95.1087
95.1085
95.1084
95.1083
95.1081
95.108
95.1079
95.1077
95.1076
95.1074
95.1073
95.1071
95.107
95.1068
95.1067
95.1065
95.1064
95.1062
95.106
95.1059
95.1057
95.1055
95.1053
95.1052
95.105
95.1048
95.1046
95.1044
95.1042
95.104
95.1038
95.1036
95.1034
95.1032
95.103
95.1028
95.1026
95.1024
95.1021
95.1019
95.1017
95.1015
95.1012
95.101
95.1007
95.1005
95.1002
95.1
95.0997
95.0995
95.0992
95.0989
95.0986
95.0984
95.0981
95.0978
95.0975
95.0972
95.0969
95.0966
95.0963
95.096
95.0956
95.0953
95.095
95.0947
95.0943
95.094
95.0936
95.0933
95.0929
95.0925
95.0922
95.0918
95.0914
95.091
95.0906
95.0902
95.0898
95.0894
95.089
95.0886
95.0881
95.0877
95.0872
95.0868
95.0863
95.0859
95.0854
95.0849
95.0844
95.0839
95.0834
95.0829
95.0824
95.0819
95.0813
95.0808
95.0803
95.0797
95.0791
95.0786
95.078
95.0774
95.0768
95.0762
95.0756
95.0749
95.0743
95.0736
95.073
95.0723
95.0716
95.0709
95.0703
95.0695
95.0688
95.0681
95.0674
95.0666
95.0658
95.0651
95.0643
95.0635
95.0627
95.0618
95.061
95.0602
95.0593
95.0584
95.0575
95.0566
95.0557
95.0548
95.0538
95.0529
95.0519
95.0509
95.0499
95.0489
95.0479
95.0468
95.0458
95.0447
95.0436
95.0425
95.0414
95.0402
95.0391
95.0379
95.0367
95.0355
95.0342
95.033
95.0317
95.0304
95.0291
95.0278
95.0264
95.025
95.0237
95.0222
95.0208
95.0194
95.0179
95.0164
95.0149
95.0133
95.0117
95.0101
95.0085
95.0069
95.0052
95.0035
95.0018
95.0001
94.9983
94.9965
94.9947
94.9928
94.991
94.989
94.9871
94.9851
94.9832
94.9811
94.9791
94.977
94.9749
94.9727
94.9705
94.9683
94.9661
94.9638
94.9615
94.9591
94.9567
94.9543
94.9518
94.9493
94.9468
94.9442
94.9416
94.939
94.9363
94.9335
94.9308
94.9279
94.9251
94.9222
94.9192
94.9162
94.9132
94.9101
94.907
94.9038
94.9006
94.8973
94.894
94.8906
94.8872
94.8837
94.8802
94.8766
94.873
94.8693
94.8656
94.8618
94.8579
94.854
94.85
94.846
94.8419
94.8377
94.8335
94.8292
94.8248
94.8204
94.8159
94.8114
94.8068
94.8021
94.7973
94.7925
94.7876
94.7826
94.7775
94.7724
94.7672
94.7619
94.7565
94.7511
94.7456
94.7399
94.7342
94.7285
94.7226
94.7166
94.7106
94.7044
94.6982
94.6919
94.6854
94.6789
94.6723
94.6656
94.6587
94.6518
94.6448
94.6376
94.6304
94.623
94.6156
94.608
94.6003
94.5925
94.5845
94.5765
94.5683
94.56
94.5516
94.5431
94.5344
94.5256
94.5166
94.5076
94.4984
94.489
94.4795
94.4699
94.4601
94.4502
94.4401
94.4298
94.4195
94.4089
94.3982
94.3873
94.3763
94.3651
94.3538
94.3422
94.3305
94.3186
94.3066
94.2943
94.2819
94.2692
94.2564
94.2434
94.2302
94.2168
94.2032
94.1894
94.1754
94.1611
94.1467
94.132
94.1171
94.102
94.0867
94.0711
94.0553
94.0393
94.023
94.0064
93.9896
93.9726
93.9553
93.9377
93.9199
93.9018
93.8835
93.8648
93.8459
93.8267
93.8072
93.7874
93.7673
93.7469
93.7262
93.7051
93.6838
93.6621
93.6402
93.6178
93.5952
93.5722
93.5488
93.5251
93.5011
93.4766
93.4518
93.4267
93.4011
93.3752
93.3489
93.3221
93.295
93.2675
93.2395
93.2112
93.1823
93.1531
93.1234
93.0933
93.0627
93.0317
93.0001
92.9681
92.9357
92.9027
92.8692
92.8353
92.8008
92.7658
92.7302
92.6942
92.6575
92.6204
92.5826
92.5443
92.5054
92.466
92.4259
92.3852
92.3439
92.302
92.2595
92.2163
92.1725
92.128
92.0828
92.0369
91.9904
91.9431
91.8951
91.8465
91.797
91.7468
91.6959
91.6442
91.5917
91.5384
91.4844
91.4294
91.3737
91.3171
91.2597
91.2014
91.1422
91.0822
91.0212
90.9593
90.8964
90.8327
90.7679
90.7022
90.6354
90.5677
90.499
90.4292
90.3583
90.2864
90.2134
90.1393
90.064
89.9877
89.9102
89.8315
89.7516
89.6705
89.5882
89.5046
89.4198
89.3337
89.2463
89.1576
89.0675
88.9761
88.8833
88.789
88.6934
88.5963
88.4978
88.3977
88.2962
88.1931
88.0885
87.9822
87.8744
87.7649
87.6538
87.541
87.4265
87.3103
87.1923
87.0725
86.951
86.8276
86.7023
86.5751
86.446
86.315
86.1819
86.0469
85.9098
85.7707
85.6294
85.486
85.3405
85.1927
85.0427
84.8905
84.7359
84.579
84.4197
84.2581
84.094
83.9274
83.7583
83.5866
83.4123
83.2354
83.0559
82.8736
82.6885
82.5007
82.31
82.1165
81.92
81.7206
81.5181
81.3126
81.1039
80.8922
80.6772
80.4589
80.2374
80.0125
79.7843
79.5525
79.3173
79.0785
78.8361
78.5901
78.3403
78.0867
77.8294
77.5681
77.3029
77.0336
76.7603
76.4829
76.2013
75.9154
75.6252
75.3306
75.0316
74.728
74.4199
74.1071
73.7896
73.4673
73.1401
72.8079
72.4708
72.1285
71.7811
71.4284
71.0704
70.707
70.3381
69.9636
69.5834
69.1975
68.8058
68.4082
68.0045
67.5947
67.1788
66.7566
66.3279
65.8929
65.4512
65.0028
64.5477
64.0857
63.6167
63.1407
62.6574
62.1669
61.6689
61.1634
60.6502
60.1293
59.6005
59.0638
58.5189
57.9658
57.4043
56.8344
56.2558
55.6685
55.0723
54.4671
53.8527
53.2291
52.5961
51.9534
51.3011
50.6389
49.9667
49.2843
48.5917
47.8885
47.1748
46.4502
45.7147
44.9681
44.2102
43.4409
42.6599
41.8672
41.0625
40.2456
39.4165
38.575
37.7208
36.8539
35.9741
35.0813
34.1754
33.2564
32.3243
31.3791
30.421
29.4501
28.4669
27.4717
26.4652
25.4481
24.4215
23.3864
22.3444
21.2972
20.2468
19.1953
18.1454
17.0999
16.0619
15.0347
14.0218
13.0269
12.0537
11.1059
10.1874
9.3016
8.45189
7.64131
6.87255
6.14783
5.46892
4.83702
4.25282
3.71642
3.22739
2.78475
2.38708
2.03249
1.71873
1.44329
1.20338
0.996106
0.818488
0.667536
0.540315
0.433996
0.345899
0.273527
0.214586
0.167001
0.12892
0.0987124
0.0749631
0.0564573
0.042166
0.0312286
0.0229333
0.0166988
0.0120555
0.00862888
0.00612309
0.00430746
0.00300393
0.00207665
0.00142308
0.000966673
0.000650879
0.000434393
0.000287356
0.00018841
0.000122441
7.88656e-05
5.03477e-05
3.18567e-05
1.99779e-05
1.24174e-05
7.64976e-06
4.67103e-06
2.82713e-06
1.6962e-06
1.00893e-06
5.95094e-07
3.48161e-07
2.02139e-07
1.16548e-07
6.67978e-08
3.81012e-08
2.1651e-08
1.22534e-08
6.8757e-09
3.76439e-09
1.91657e-09
7.6512e-10
-6.18736e-12
-5.70408e-10
-1.01957e-09
-1.40016e-09
-1.73327e-09
-2.02584e-09
-2.27701e-09
-2.48154e-09
-2.63171e-09
-2.71826e-09
-2.73088e-09
-2.65841e-09
-2.48885e-09
-2.20938e-09
-1.8063e-09
-1.26507e-09
-5.70356e-10
2.93819e-10
1.34379e-09
2.59599e-09
4.0664e-09
5.77024e-09
7.72105e-09
9.9307e-09
1.24078e-08
1.51587e-08
1.81843e-08
2.1484e-08
2.50481e-08
2.88694e-08
3.29232e-08
3.71995e-08
4.16555e-08
4.62665e-08
