-5.53223e-07
-1.84717e-06
-1.41113e-07
3.56494e-06
2.6416e-06
3.71826e-06
1.65527e-07
-1.38721e-06
6.00586e-08
-3.12207e-06
-3.3042e-06
-4.86328e-07
-2.29785e-06
-1.10938e-06
4.0791e-06
-3.99121e-06
5.67871e-07
4.97559e-07
-3.20215e-06
-3.90186e-06
3.98438e-07
6.93359e-08
-2.88916e-06
-1.84766e-06
3.19385e-06
-1.02344e-06
-2.24072e-06
2.54199e-06
-2.93408e-06
4.21924e-06
1.11377e-06
3.0083e-06
-3.35596e-06
2.90918e-06
-8.44727e-08
2.92187e-06
-2.33057e-06
-1.58301e-06
-1.46484e-06
-9.76074e-07
-2.1167e-06
-3.88672e-06
3.34326e-06
2.31445e-06
1.65625e-06
2.36865e-06
3.45166e-06
-1.72412e-06
2.1001e-06
6.65527e-07
6.01563e-07
2.9082e-06
9.56055e-07
1.37451e-06
-2.46582e-06
-1.93555e-06
1.96533e-06
2.60742e-06
-9.27734e-09
2.74463e-06
-3.38965e-06
2.47607e-06
4.53613e-07
-2.82764e-06
2.61719e-07
-3.53711e-06
1.03467e-06
-1.28174e-06
-2.85693e-06
-1.69092e-06
1.21631e-06
-7.64648e-07
1.99561e-06
-1.32324e-07
3.48096e-06
-3.42334e-06
3.04297e-06
9.91699e-07
-9.47754e-07
-3.77539e-06
3.13818e-06
3.53418e-06
-1.5874e-06
-2.59717e-06
-4.95117e-07
8.93555e-08
-2.84375e-06
2.33496e-06
-1.6333e-06
3.51025e-06
2.50684e-06
-3.64355e-06
2.31787e-06
-2.49707e-06
-1.82959e-06
-2.30908e-06
-1.93555e-06
2.91016e-07
-2.25879e-06
-9.55566e-07
-2.42871e-06
2.95117e-06
1.92529e-06
2.12305e-06
-2.08496e-06
-2.06934e-06
-2.45947e-06
-3.25537e-06
-1.45703e-06
2.93555e-06
-1.33643e-06
-1.41602e-08
3.27295e-06
2.89551e-06
-1.14648e-06
2.77637e-06
4.05273e-07
1.36963e-06
1.04004e-06
1.4165e-06
-3.13037e-06
-1.97119e-06
-7.35352e-07
2.57715e-06
-3.29248e-06
-1.08545e-06
-3.06055e-06
1.41162e-06
-9.27734e-07
1.55078e-06
-3.41162e-06
3.44385e-06
1.229e-06
1.57324e-06
-1.52832e-07
1.05078e-06
5.54688e-07
2.35889e-06
2.83398e-06
-1.64941e-06
5.38086e-07
-8.62305e-07
-1.85059e-06
3.57324e-06
3.15039e-06
2.88086e-06
1.35254e-07
-8.64258e-08
-4.13574e-07
-1.47559e-06
7.27539e-07
-2.06299e-06
-2.84717e-06
2.375e-06
-2.84668e-07
8.03223e-07
-6.20117e-07
2.44531e-06
7.40723e-07
3.26611e-06
7.62695e-07
3.23047e-06
2.41064e-06
-3.26172e-07
4.02002e-06
5.61035e-07
-7.03125e-07
2.59814e-06
-3.42334e-06
-1.38184e-07
-4.3457e-07
-9.41895e-07
1.71045e-06
3.26367e-06
1.45898e-06
6.66992e-07
-3.37109e-06
-3.28467e-06
-2.33252e-06
-7.73438e-07
-8.66211e-07
-3.86963e-06
-4.13086e-07
1.61523e-06
9.56543e-07
1.35205e-06
3.54297e-06
1.64111e-06
-1.6123e-06
-1.47607e-06
-3.83838e-06
-2.95801e-06
-7.23145e-07
-1.02197e-06
-3.74268e-06
-2.14404e-06
2.88574e-06
-1.80029e-06
1.68457e-07
2.27441e-06
0
-1.54297e-06
7.57324e-07
-3.24609e-06
2.18799e-06
-7.16797e-07
-2.84863e-06
-2.7251e-06
1.13623e-06
-3.04102e-06
-2.14502e-06
-3.22754e-07
2.27881e-06
-1.1167e-06
-3.02686e-06
-1.59863e-06
3.91602e-07
1.6748e-07
3.58203e-06
2.22949e-06
-1.6665e-06
1.74707e-06
4.35059e-07
2.62109e-06
-2.72998e-06
3.23486e-06
-7.7832e-07
-1.5459e-06
-1.10303e-06
1.51514e-06
6.44043e-07
1.24854e-06
1.66406e-06
3.22607e-06
1.64063e-06
2.43164e-07
7.39746e-07
2.83643e-06
-2.01953e-06
5.07324e-07
2.86426e-06
3.49854e-06
-1.42578e-07
-2.61182e-06
-2.46191e-06
4.125e-06
2.70801e-06
1.0498e-07
5.04395e-07
-5.34668e-07
-4.53125e-07
-2.32129e-06
1.41992e-06
1.44141e-06
-2.95654e-06
2.15576e-06
1.19043e-06
-1.81641e-07
1.08105e-06
3.39062e-06
2.52979e-06
2.8125e-07
4.27734e-07
-5.06836e-07
-2.99854e-06
1.47656e-06
-1.4458e-06
-8.71094e-07
-3.79297e-06
3.05371e-06
1.78711e-06
3.41357e-06
3.05127e-06
1.81836e-06
2.20361e-06
-3.56299e-06
7.32422e-09
2.56348e-07
3.78467e-06
-3.32471e-06
-2.10059e-06
2.91064e-06
9.03809e-07
-3.29687e-06
5.03418e-07
-2.01807e-06
2.07471e-06
-1.4292e-06
-2.48193e-06
-2.92383e-06
1.77539e-06
1.25781e-06
1.65527e-07
-1.11816e-06
3.16064e-06
1.23828e-06
2.98047e-06
2.73535e-06
-1.77832e-06
-4.71191e-07
3.85791e-06
-2.10742e-06
-3.4248e-06
-3.29883e-06
2.43652e-06
-2.19971e-06
1.07031e-06
2.74805e-06
7.61719e-08
-1.33203e-06
-1.38086e-06
2.7666e-06
-1.19971e-06
-2.58984e-06
2.76855e-06
2.90088e-06
-2.42627e-06
2.92432e-06
5.46875e-08
-9.33105e-07
-2.08398e-06
-1.14575e-06
-3.83789e-07
1.41895e-06
1.14722e-06
-1.83179e-06
1.96094e-06
-1.21606e-06
-5.4834e-07
-6.27197e-07
-1.56152e-06
-6.07178e-07
1.01831e-06
-6.78955e-07
-1.02515e-06
-1.22803e-07
3.34473e-07
1.69141e-06
-1.11304e-06
1.71313e-06
-1.70264e-06
2.49512e-07
-1.20715e-06
-8.11035e-07
-1.15039e-06
7.80762e-07
-6.76147e-07
1.41455e-06
5.55603e-07
-0.00535883
0.000614903
0.0108807
0.0090435
0.00975219
0.00842365
0.00877972
0.00835174
0.00819297
0.0077964
0.00679277
0.00614727
0.00472453
0.00401414
0.00273869
0.0021802
0.00132872
0.000991601
0.000542068
0.000379804
0.000186624
0.000123075
5.43719e-05
3.38811e-05
1.34349e-05
7.956e-06
2.82073e-06
1.60069e-06
5.04015e-07
2.77362e-07
7.67483e-08
4.16639e-08
9.97287e-09
5.4745e-09
1.10864e-09
6.37728e-10
1.06325e-10
6.73093e-11
9.07362e-12
6.67324e-12
7.59378e-13
6.56533e-13
7.55837e-14
6.81947e-14
9.93349e-15
7.70642e-15
1.49483e-15
9.14702e-16
2.15179e-16
1.01e-16
2.46053e-17
5.8688e-19
