-5.53223e-07
-1.0708e-06
-1.58838e-06
-1.10596e-06
-6.23535e-07
-1.41113e-07
1.34131e-06
2.82373e-06
-2.32324e-06
-8.4082e-07
2.6416e-06
-1.50537e-06
1.97705e-06
-2.16992e-06
2.3125e-06
1.65527e-07
-2.98145e-06
3.50098e-06
1.354e-06
1.20703e-06
6.00586e-08
-8.69141e-08
7.66113e-07
1.61914e-06
2.47217e-06
-3.3042e-06
-1.45117e-06
1.40186e-06
-2.37451e-06
4.78516e-07
-2.29785e-06
2.55518e-06
-2.21191e-07
-1.99756e-06
-2.77393e-06
4.0791e-06
3.30273e-06
3.52637e-06
-2.87939e-06
-1.65576e-06
5.67871e-07
2.7915e-06
-1.61426e-06
2.60938e-06
-7.96387e-07
-3.20215e-06
2.02148e-06
6.15723e-07
-7.90039e-07
-1.95801e-07
3.98438e-07
9.92676e-07
2.58691e-06
-2.44824e-06
1.146e-06
-2.88916e-06
1.70508e-06
-1.33008e-06
-2.36523e-06
-3.40039e-06
3.19385e-06
-3.4707e-06
-2.50586e-06
-5.41016e-07
2.42383e-06
-2.24072e-06
2.72412e-06
5.95703e-08
-1.60498e-06
-3.26953e-06
-2.93408e-06
-2.59863e-06
-1.26318e-06
1.07227e-06
-3.22168e-06
1.11377e-06
-2.18018e-06
-3.47412e-06
2.86133e-06
3.56738e-06
-3.35596e-06
-1.6499e-06
1.05615e-06
-2.86719e-06
1.83887e-06
-8.44727e-08
-1.00781e-06
-9.31152e-07
1.45508e-07
2.22217e-06
-2.33057e-06
1.74609e-06
-8.06641e-07
-1.35938e-06
-1.91211e-06
-1.46484e-06
9.82422e-07
-3.19971e-06
1.24756e-06
-9.3457e-07
-2.1167e-06
-2.29883e-06
-4.80957e-07
1.33691e-06
-2.47461e-06
3.34326e-06
1.53174e-06
1.72021e-06
2.90869e-06
-2.53223e-06
1.65625e-06
-7.84668e-07
-2.22559e-06
-1.6665e-06
-1.07422e-07
3.45166e-06
3.81348e-07
-1.68896e-06
-1.75928e-06
-8.2959e-07
2.1001e-06
-1.59961e-06
-3.29932e-06
-2.99902e-06
-2.69873e-06
6.01563e-07
-2.72754e-06
3.57275e-06
3.24365e-06
-2.71484e-06
9.56055e-07
-2.00244e-06
-2.96094e-06
-1.91943e-06
1.12207e-06
-2.46582e-06
-3.05371e-06
-2.6416e-06
-1.22949e-06
3.18262e-06
1.96533e-06
1.74805e-06
-3.09863e-06
6.84082e-07
-1.62598e-07
-9.27734e-09
3.14404e-06
-3.32031e-07
-8.08105e-07
7.1582e-07
-3.38965e-06
2.13428e-06
2.02881e-06
-3.70605e-06
1.18848e-06
4.53613e-07
1.71875e-06
-1.64551e-06
-3.00977e-06
-2.37402e-06
2.61719e-07
-7.31934e-07
-7.25586e-07
2.28076e-06
6.57715e-07
1.03467e-06
-3.21777e-06
2.15918e-06
2.90674e-06
-9.75098e-07
-2.85693e-06
-1.73877e-06
2.37939e-06
1.86816e-06
-4.27246e-06
1.21631e-06
1.07568e-06
-2.69434e-06
3.16504e-06
-3.23438e-06
1.99561e-06
1.59619e-06
-2.43262e-06
3.16797e-06
-2.49023e-06
3.48096e-06
-3.80664e-06
5.35156e-07
2.47559e-07
-3.66943e-06
3.04297e-06
-1.50342e-06
-3.0498e-06
-1.59619e-06
-2.77197e-06
-9.47754e-07
-3.75293e-06
-1.55811e-06
3.63672e-06
-2.42725e-06
3.13818e-06
-2.55518e-06
2.38086e-06
-2.94189e-06
3.36475e-06
-1.5874e-06
-1.53955e-06
1.5083e-06
1.92676e-06
-1.28418e-06
-4.95117e-07
-2.33545e-06
8.24219e-07
3.54492e-07
-3.74463e-06
-2.84375e-06
3.05713e-06
-1.30078e-06
-6.58691e-07
-3.646e-06
-1.6333e-06
-1.25e-06
3.1333e-06
-1.74219e-06
-2.61768e-06
2.50684e-06
-2.62744e-06
-1.76172e-06
-3.52539e-06
7.10937e-07
2.31787e-06
2.29541e-06
-3.56445e-07
2.9917e-06
-1.91895e-06
-1.82959e-06
-3.36963e-06
1.09033e-06
-3.7085e-06
-2.50732e-06
-1.93555e-06
-2.99316e-06
2.94922e-06
-3.67187e-07
2.31641e-06
-2.25879e-06
-8.33984e-07
-3.85742e-08
-8.72559e-07
-1.33594e-06
-2.42871e-06
3.47852e-06
1.12695e-06
-8.54004e-07
-3.46436e-06
1.92529e-06
-9.43848e-07
-3.44238e-06
2.05908e-06
-6.98242e-07
-2.08496e-06
-4.10107e-06
2.88281e-06
2.60791e-06
3.70361e-06
-2.45947e-06
3.77441e-07
3.58496e-06
5.33691e-07
-1.14697e-06
-1.45703e-06
-3.96484e-07
2.03467e-06
-7.92969e-07
-2.25e-06
-1.33643e-06
9.47754e-07
-2.02686e-06
-2.63086e-06
-8.64258e-07
3.27295e-06
3.15137e-06
-2.229e-06
2.39062e-06
2.75146e-06
-1.14648e-06
-1.67383e-06
1.16943e-06
-2.46094e-07
1.70898e-06
4.05273e-07
2.47217e-06
1.28027e-06
-3.17041e-06
-3.25049e-06
1.04004e-06
2.07178e-06
8.44727e-07
-2.64111e-06
-1.75635e-06
-3.13037e-06
8.66211e-07
3.604e-06
3.08301e-06
2.30322e-06
-7.35352e-07
2.59668e-06
-3.95947e-06
-2.14502e-06
-2.58936e-06
-3.29248e-06
3.375e-06
2.1543e-06
6.74805e-07
-1.06348e-06
-3.06055e-06
3.31299e-06
2.79834e-06
3.0249e-06
-3.63672e-06
-9.27734e-07
2.52246e-06
8.44727e-08
-6.12305e-07
1.43213e-06
-3.41162e-06
3.11523e-06
3.75391e-06
-4.95605e-07
-1.00391e-06
1.229e-06
-1.42627e-06
6.59668e-07
-1.14258e-06
7.96387e-07
-1.52832e-07
3.63916e-06
-3.08643e-06
2.55859e-06
-1.31396e-06
5.54688e-07
5.35156e-07
-1.37256e-06
3.46094e-06
-2.23145e-07
2.83398e-06
-2.62646e-06
-3.45703e-07
2.04687e-06
-3.07813e-06
5.38086e-07
-3.36328e-06
2.47656e-06
1.79883e-06
3.23291e-06
-1.85059e-06
-3.82227e-06
-2.68213e-06
5.69824e-07
3.04199e-07
3.15039e-06
2.479e-06
-1.70996e-06
-7.87109e-07
-3.38184e-06
1.35254e-07
1.13477e-06
6.16699e-07
-1.41895e-06
3.65723e-06
-4.13574e-07
3.62744e-06
-4.78516e-07
-3.10205e-06
2.38623e-06
7.27539e-07
1.55127e-06
-3.77197e-06
1.0166e-06
1.6582e-06
-2.84717e-06
3.75928e-06
-4.10645e-07
-9.81445e-08
-2.93262e-06
-2.84668e-07
2.16309e-07
-1.42969e-06
-3.22266e-06
2.4668e-06
-6.20117e-07
-2.854e-06
3.39453e-06
2.8667e-06
-2.4375e-06
7.40723e-07
-8.57422e-07
1.39746e-06
-1.24023e-07
1.20752e-06
7.62695e-07
-2.4585e-06
1.7334e-07
2.02881e-06
2.10791e-06
2.41064e-06
2.93701e-06
-2.94238e-06
-9.6875e-07
-3.40088e-06
4.02002e-06
-1.59424e-06
-2.98486e-06
8.48145e-07
1.27539e-06
-7.03125e-07
3.54199e-06
-2.48047e-07
3.18555e-06
-4.16016e-07
-3.42334e-06
2.79297e-06
-3.65527e-06
1.12012e-06
1.86035e-06
-4.3457e-07
1.86475e-06
2.12891e-06
2.35791e-06
1.55176e-06
1.71045e-06
1.83398e-06
-2.70703e-06
2.34619e-06
3.73486e-06
1.45898e-06
-3.48145e-06
-2.45703e-06
-3.09717e-06
-3.40186e-06
-3.37109e-06
-2.00488e-06
2.69678e-06
2.10449e-06
-2.78174e-06
-2.33252e-06
-3.17725e-06
2.31348e-06
-1.19141e-07
-1.8457e-06
-8.66211e-07
1.81934e-06
5.81543e-07
-2.57959e-06
-1.03467e-06
-4.13086e-07
2.85156e-07
2.06006e-06
-1.71777e-06
-2.41895e-06
9.56543e-07
2.7793e-06
2.04932e-06
7.66602e-07
9.31152e-07
3.54297e-06
9.72656e-07
2.84961e-06
1.54443e-06
5.71289e-08
-1.6123e-06
-1.46387e-06
5.02441e-07
-1.34277e-06
2.62988e-06
-3.83838e-06
-1.48877e-06
1.04932e-06
-8.53516e-07
4.32129e-07
-7.23145e-07
-3.31934e-06
2.27295e-06
1.79492e-06
-2.75342e-06
-3.74268e-06
1.82715e-06
-1.30273e-06
-2.50293e-06
-1.77344e-06
2.88574e-06
-7.8418e-07
1.47559e-06
-2.59375e-06
-3.36279e-06
1.68457e-07
1.37061e-06
2.24365e-06
-1.8418e-06
-3.25635e-06
0
2.29785e-06
-1.99219e-06
-3.24072e-06
-4.47754e-07
7.57324e-07
1.37451e-06
-2.22559e-06
-2.41357e-06
3.81055e-06
2.18799e-06
2.34814e-06
-3.38379e-07
2.75781e-06
-6.2207e-07
-2.84863e-06
1.07812e-06
2.52881e-06
-2.12598e-06
-3.25684e-06
1.13623e-06
-2.20557e-06
-3.65283e-06
-2.05566e-07
1.50684e-06
-2.14502e-06
-2.53174e-06
2.34668e-06
1.23145e-06
2.75195e-06
2.27881e-06
2.81201e-06
-2.27783e-06
-1.36133e-06
-6.78711e-08
-3.02686e-06
-1.60889e-06
5.56641e-07
-1.15967e-06
2.87158e-06
3.91602e-07
2.02979e-06
2.15674e-06
-2.85693e-06
-3.38184e-06
3.58203e-06
-1.85352e-06
-1.42969e-06
1.22412e-06
-5.21484e-07
-1.6665e-06
-2.10938e-07
2.1582e-07
1.61377e-06
1.35352e-06
4.35059e-07
-2.771e-06
3.64746e-07
-4.16504e-07
-3.11475e-06
-2.72998e-06
3.73779e-06
-3.59961e-06
2.146e-06
2.08643e-06
-7.7832e-07
-1.44824e-06
2.07666e-06
-4.62402e-07
2.56396e-06
-1.10303e-06
1.16602e-06
-2.8877e-06
-6.34766e-07
-3.33398e-06
6.44043e-07
4.05273e-08
-1.44531e-07
3.08887e-06
-5.18066e-07
1.66406e-06
-6.23535e-07
2.24854e-06
2.02148e-06
2.69531e-06
1.64063e-06
2.85742e-06
3.71631e-06
1.58789e-06
1.47217e-06
7.39746e-07
-3.23877e-06
2.16602e-06
-9.34082e-07
1.09033e-06
-2.01953e-06
3.36572e-06
-1.64209e-06
-3.41357e-06
4.05127e-06
2.86426e-06
-9.74609e-07
-4.65332e-07
7.62695e-07
1.08008e-06
-1.42578e-07
3.09473e-06
1.5332e-06
1.17285e-06
3.84277e-07
-2.46191e-06
6.34277e-07
-5.85937e-07
1.87744e-06
-2.23438e-06
2.70801e-06
-1.83594e-07
-3.90918e-06
-4.6875e-07
8.78906e-07
5.04395e-07
-3.22168e-06
-1.29932e-06
-2.9873e-06
-2.85645e-07
-4.53125e-07
-4.11914e-06
-2.28369e-06
3.42383e-06
1.15234e-07
1.41992e-06
2.0791e-06
2.46338e-06
1.94336e-06
2.88965e-06
-2.95654e-06
3.03418e-06
-3.65576e-06
-3.39697e-06
2.18115e-06
1.19043e-06
2.63086e-06
-7.56348e-07
2.02881e-06
-2.90186e-06
1.08105e-06
2.08936e-06
2.49365e-06
2.66455e-06
3.43262e-07
2.52979e-06
3.35938e-07
7.61719e-07
1.54834e-06
-1.56299e-06
4.27734e-07
-3.36768e-06
-1.94922e-06
1.42432e-06
2.49414e-06
-2.99854e-06
-2.05371e-06
1.06982e-06
2.11328e-06
-1.82129e-07
-1.4458e-06
1.69287e-06
1.3457e-06
-1.16699e-07
-3.95313e-06
-3.79297e-06
-2.89502e-06
-1.51807e-06
3.7085e-06
-2.73291e-06
1.78711e-06
-1.24902e-06
-3.4707e-06
4.92676e-07
2.75293e-06
3.05127e-06
1.28906e-07
2.35645e-06
2.8457e-06
-6.62109e-07
2.20361e-06
2.55469e-06
3.13232e-06
2.67773e-06
-3.69727e-06
7.32422e-09
2.73926e-07
-1.15625e-06
-2.54199e-06
-2.14209e-06
3.78467e-06
7.20703e-07
3.66211e-08
-2.15576e-06
3.51416e-06
-2.10059e-06
1e-06
1.29834e-06
1.53564e-06
-1.7627e-07
9.03809e-07
-1.12305e-07
-3.11279e-06
3.27295e-06
2.89795e-06
5.03418e-07
1.83057e-06
-6.38184e-07
-1.16162e-06
3.7207e-07
2.07471e-06
-2.57129e-06
8.04688e-07
-2.94434e-06
3.55225e-06
-2.48193e-06
1.95312e-06
-2.91895e-06
-1.72754e-06
2.00977e-06
1.77539e-06
-3.18848e-07
-1.61133e-07
-2.26904e-06
-3.53076e-06
1.65527e-07
-2.32715e-06
1.73242e-06
2.19727e-06
3.1792e-06
3.16064e-06
6.24023e-07
1.68115e-06
-2.81494e-06
2.87695e-06
2.98047e-06
-3.02197e-06
1.61084e-06
1.02539e-07
-3.06445e-06
-1.77832e-06
8.13965e-07
-2.43457e-06
5.87891e-07
3.73437e-06
3.85791e-06
-3.18848e-06
3.33643e-06
-3.60254e-06
-2.26416e-06
-3.4248e-06
3.97949e-07
-1.57227e-06
1.46973e-07
3.40869e-06
2.43652e-06
-3.9165e-06
2.46143e-06
5.35156e-07
-1.21289e-06
1.07031e-06
1.6084e-06
-2.375e-06
6.02539e-07
-8.64746e-07
7.61719e-08
-3.51074e-07
-1.92285e-06
1.21387e-06
1.65332e-06
-1.38086e-06
1.96436e-06
-3.34619e-06
1.69922e-07
-5.22461e-07
-1.19971e-06
3.61816e-07
1.75635e-06
5.78125e-07
1.05078e-06
2.76855e-06
-3.30371e-06
-2.31299e-06
-1.29443e-06
3.46191e-07
-2.42627e-06
-3.88184e-07
2.42529e-06
1.979e-06
1.86719e-06
5.46875e-08
3.13574e-06
1.4458e-06
1.5791e-06
1.68579e-06
-2.08398e-06
8.64014e-07
5.05371e-08
4.4043e-07
1.18384e-06
-3.83789e-07
-2.1123e-06
-8.51562e-07
-1.08081e-06
-1.4646e-06
1.14722e-06
-3.54004e-07
-8.18115e-07
1.27563e-06
-1.1814e-06
1.96094e-06
7.79297e-07
-1.20557e-06
-1.2876e-06
2.39258e-07
-5.4834e-07
5.56641e-08
-8.7207e-07
1.37451e-06
-7.57324e-07
-1.56152e-06
2.03857e-06
-1.32446e-06
1.05542e-06
-1.89209e-07
1.01831e-06
-6.89453e-07
1.76416e-06
2.19702e-06
1.0564e-06
-1.02515e-06
-6.00342e-07
-8.51318e-07
-9.60205e-07
1.70557e-06
3.34473e-07
1.55908e-06
1.56787e-06
1.36401e-06
-8.64014e-07
-1.11304e-06
-2.00928e-06
-1.36426e-06
1.95801e-07
2.2998e-07
-1.70264e-06
1.58643e-06
-7.87842e-07
-4.5166e-07
4.32007e-07
-1.20715e-06
3.75244e-07
2.94189e-07
5.72021e-07
-5.83618e-07
-1.15039e-06
1.71997e-07
-1.30859e-07
2.41333e-07
-1.33179e-07
-6.76147e-07
1.90674e-07
3.23486e-07
-5.1416e-07
5.33936e-07
5.55603e-07
-4.07654e-07
-2.2168e-07
8.18977e-05
-0.00121018
-0.00153134
-0.00172407
-0.00174701
-0.00165455
-0.00149076
-0.00129075
-0.00108104
-0.000877469
-0.000688553
-0.000517778
-0.000364458
-0.000227499
-0.000104926
5.32637e-06
0.000104152
0.000192345
0.000270056
0.000337224
0.000393711
0.000439975
0.000475726
0.000501473
0.0005176
0.000524703
0.000523643
0.000515261
0.000500508
0.000480397
0.000455954
0.000428208
0.000398109
0.00036654
0.000334313
0.000302163
0.000270703
0.000240424
0.000211723
0.000184902
0.00016016
0.000137611
0.000117299
9.92031e-05
8.32487e-05
6.93259e-05
5.72942e-05
4.69943e-05
3.82587e-05
3.09159e-05
2.47985e-05
1.97459e-05
1.56082e-05
1.22481e-05
9.54181e-06
7.37992e-06
5.6667e-06
4.31988e-06
3.26945e-06
2.45679e-06
1.83327e-06
1.35892e-06
1.00121e-06
7.33848e-07
5.35718e-07
3.90028e-07
2.83556e-07
2.06035e-07
1.49629e-07
1.0846e-07
7.82154e-08
5.57845e-08
3.89741e-08
2.62732e-08
1.66779e-08
9.55729e-09
4.54491e-09
1.44e-09
1.11357e-10
4.07729e-10
2.08707e-09
4.77984e-09
7.99658e-09
1.11792e-08
1.37835e-08
1.53703e-08
1.56846e-08
1.47017e-08
1.26363e-08
9.9067e-09
7.05355e-09
4.60458e-09
2.89696e-09
1.95211e-09
1.56474e-09
1.60937e-09
2.27077e-09
3.91075e-09
6.67958e-09
1.02632e-08
1.39664e-08
1.69854e-08
1.86515e-08
1.8579e-08
1.67361e-08
1.34574e-08
9.38489e-09
5.32981e-09
2.0669e-09
1.00777e-10
-2.00125e-16
4.70883e-11
1.54799e-09
3.9717e-09
7.1992e-09
1.09026e-08
1.46556e-08
1.80509e-08
2.0796e-08
2.26261e-08
2.34071e-08
2.29119e-08
2.12866e-08
1.84272e-08
1.54946e-08
1.27567e-08
1.21587e-08
7.22212e-09
