-5.53223e-07
6.00586e-08
5.67871e-07
3.19385e-06
-3.35596e-06
-2.1167e-06
2.1001e-06
1.96533e-06
2.61719e-07
1.99561e-06
3.13818e-06
-1.6333e-06
-1.93555e-06
-2.08496e-06
3.27295e-06
-3.13037e-06
-9.27734e-07
5.54688e-07
3.15039e-06
-2.84717e-06
7.62695e-07
-3.42334e-06
-3.37109e-06
9.56543e-07
-7.23145e-07
0
1.13623e-06
3.91602e-07
-2.72998e-06
1.66406e-06
2.86426e-06
5.04395e-07
1.19043e-06
-2.99854e-06
3.05127e-06
-2.10059e-06
-2.48193e-06
2.98047e-06
2.43652e-06
-1.19971e-06
-2.08398e-06
-5.4834e-07
3.34473e-07
-1.15039e-06
-0.104008
0.21983
0.180231
-2.70748e-06
0.0359758
-1.47786e-15
0.0150455
