-5.53223e-07
-1.58838e-06
-6.23535e-07
1.34131e-06
-2.32324e-06
2.6416e-06
1.97705e-06
2.3125e-06
-2.98145e-06
1.354e-06
6.00586e-08
7.66113e-07
2.47217e-06
-1.45117e-06
-2.37451e-06
-2.29785e-06
-2.21191e-07
-2.77393e-06
3.30273e-06
-2.87939e-06
5.67871e-07
-1.61426e-06
-7.96387e-07
2.02148e-06
-7.90039e-07
3.98438e-07
2.58691e-06
1.146e-06
1.70508e-06
-2.36523e-06
3.19385e-06
-2.50586e-06
2.42383e-06
2.72412e-06
-1.60498e-06
-2.93408e-06
-1.26318e-06
-3.22168e-06
-2.18018e-06
2.86133e-06
-3.35596e-06
1.05615e-06
1.83887e-06
-1.00781e-06
1.45508e-07
-2.33057e-06
-8.06641e-07
-1.91211e-06
9.82422e-07
1.24756e-06
-2.1167e-06
-4.80957e-07
-2.47461e-06
1.53174e-06
2.90869e-06
1.65625e-06
-2.22559e-06
-1.07422e-07
3.81348e-07
-1.75928e-06
2.1001e-06
-3.29932e-06
-2.69873e-06
-2.72754e-06
3.24365e-06
9.56055e-07
-2.96094e-06
1.12207e-06
-3.05371e-06
-1.22949e-06
1.96533e-06
-3.09863e-06
-1.62598e-07
3.14404e-06
-8.08105e-07
-3.38965e-06
2.02881e-06
1.18848e-06
1.71875e-06
-3.00977e-06
2.61719e-07
-7.25586e-07
6.57715e-07
-3.21777e-06
2.90674e-06
-2.85693e-06
2.37939e-06
-4.27246e-06
1.07568e-06
3.16504e-06
1.99561e-06
-2.43262e-06
-2.49023e-06
-3.80664e-06
2.47559e-07
3.04297e-06
-3.0498e-06
-2.77197e-06
-3.75293e-06
3.63672e-06
3.13818e-06
2.38086e-06
3.36475e-06
-1.53955e-06
1.92676e-06
-4.95117e-07
8.24219e-07
-3.74463e-06
3.05713e-06
-6.58691e-07
-1.6333e-06
3.1333e-06
-2.61768e-06
-2.62744e-06
-3.52539e-06
2.31787e-06
-3.56445e-07
-1.91895e-06
-3.36963e-06
-3.7085e-06
-1.93555e-06
2.94922e-06
2.31641e-06
-8.33984e-07
-8.72559e-07
-2.42871e-06
1.12695e-06
-3.46436e-06
-9.43848e-07
2.05908e-06
-2.08496e-06
2.88281e-06
3.70361e-06
3.77441e-07
5.33691e-07
-1.45703e-06
2.03467e-06
-2.25e-06
9.47754e-07
-2.63086e-06
3.27295e-06
-2.229e-06
2.75146e-06
-1.67383e-06
-2.46094e-07
4.05273e-07
1.28027e-06
-3.25049e-06
2.07178e-06
-2.64111e-06
-3.13037e-06
3.604e-06
2.30322e-06
2.59668e-06
-2.14502e-06
-3.29248e-06
2.1543e-06
-1.06348e-06
3.31299e-06
3.0249e-06
-9.27734e-07
8.44727e-08
1.43213e-06
3.11523e-06
-4.95605e-07
1.229e-06
6.59668e-07
7.96387e-07
3.63916e-06
2.55859e-06
5.54688e-07
-1.37256e-06
-2.23145e-07
-2.62646e-06
2.04687e-06
5.38086e-07
2.47656e-06
3.23291e-06
-3.82227e-06
5.69824e-07
3.15039e-06
-1.70996e-06
-3.38184e-06
1.13477e-06
-1.41895e-06
-4.13574e-07
-4.78516e-07
2.38623e-06
1.55127e-06
1.0166e-06
-2.84717e-06
-4.10645e-07
-2.93262e-06
2.16309e-07
-3.22266e-06
-6.20117e-07
3.39453e-06
-2.4375e-06
-8.57422e-07
-1.24023e-07
7.62695e-07
1.7334e-07
2.10791e-06
2.93701e-06
-9.6875e-07
4.02002e-06
-2.98486e-06
1.27539e-06
3.54199e-06
3.18555e-06
-3.42334e-06
-3.65527e-06
1.86035e-06
1.86475e-06
2.35791e-06
1.71045e-06
-2.70703e-06
3.73486e-06
-3.48145e-06
-3.09717e-06
-3.37109e-06
2.69678e-06
-2.78174e-06
-3.17725e-06
-1.19141e-07
-8.66211e-07
5.81543e-07
-1.03467e-06
2.85156e-07
-1.71777e-06
9.56543e-07
2.04932e-06
9.31152e-07
9.72656e-07
1.54443e-06
-1.6123e-06
5.02441e-07
2.62988e-06
-1.48877e-06
-8.53516e-07
-7.23145e-07
2.27295e-06
-2.75342e-06
1.82715e-06
-2.50293e-06
2.88574e-06
1.47559e-06
-3.36279e-06
1.37061e-06
-1.8418e-06
0
-1.99219e-06
-4.47754e-07
1.37451e-06
-2.41357e-06
2.18799e-06
-3.38379e-07
-6.2207e-07
1.07812e-06
-2.12598e-06
1.13623e-06
-3.65283e-06
1.50684e-06
-2.53174e-06
1.23145e-06
2.27881e-06
-2.27783e-06
-6.78711e-08
-1.60889e-06
-1.15967e-06
3.91602e-07
2.15674e-06
-3.38184e-06
-1.85352e-06
1.22412e-06
-1.6665e-06
2.1582e-07
1.35352e-06
-2.771e-06
-4.16504e-07
-2.72998e-06
-3.59961e-06
2.08643e-06
-1.44824e-06
-4.62402e-07
-1.10303e-06
-2.8877e-06
-3.33398e-06
4.05273e-08
3.08887e-06
1.66406e-06
2.24854e-06
2.69531e-06
2.85742e-06
1.58789e-06
7.39746e-07
2.16602e-06
1.09033e-06
3.36572e-06
-3.41357e-06
2.86426e-06
-4.65332e-07
1.08008e-06
3.09473e-06
1.17285e-06
-2.46191e-06
-5.85937e-07
-2.23438e-06
-1.83594e-07
-4.6875e-07
5.04395e-07
-1.29932e-06
-2.85645e-07
-4.11914e-06
3.42383e-06
1.41992e-06
2.46338e-06
2.88965e-06
3.03418e-06
-3.39697e-06
1.19043e-06
-7.56348e-07
-2.90186e-06
2.08936e-06
2.66455e-06
2.52979e-06
7.61719e-07
-1.56299e-06
-3.36768e-06
1.42432e-06
-2.99854e-06
1.06982e-06
-1.82129e-07
1.69287e-06
-1.16699e-07
-3.79297e-06
-1.51807e-06
-2.73291e-06
-1.24902e-06
4.92676e-07
3.05127e-06
2.35645e-06
-6.62109e-07
2.55469e-06
2.67773e-06
7.32422e-09
-1.15625e-06
-2.14209e-06
7.20703e-07
-2.15576e-06
-2.10059e-06
1.29834e-06
-1.7627e-07
-1.12305e-07
3.27295e-06
5.03418e-07
-6.38184e-07
3.7207e-07
-2.57129e-06
-2.94434e-06
-2.48193e-06
-2.91895e-06
2.00977e-06
-3.18848e-07
-2.26904e-06
1.65527e-07
1.73242e-06
3.1792e-06
6.24023e-07
-2.81494e-06
2.98047e-06
1.61084e-06
-3.06445e-06
8.13965e-07
5.87891e-07
3.85791e-06
3.33643e-06
-2.26416e-06
3.97949e-07
1.46973e-07
2.43652e-06
2.46143e-06
-1.21289e-06
1.6084e-06
6.02539e-07
7.61719e-08
-1.92285e-06
1.65332e-06
1.96436e-06
1.69922e-07
-1.19971e-06
1.75635e-06
1.05078e-06
-3.30371e-06
-1.29443e-06
-2.42627e-06
2.42529e-06
1.86719e-06
3.13574e-06
1.5791e-06
-2.08398e-06
5.05371e-08
1.18384e-06
-2.1123e-06
-1.08081e-06
1.14722e-06
-8.18115e-07
-1.1814e-06
7.79297e-07
-1.2876e-06
-5.4834e-07
-8.7207e-07
-7.57324e-07
2.03857e-06
1.05542e-06
1.01831e-06
1.76416e-06
1.0564e-06
-6.00342e-07
-9.60205e-07
3.34473e-07
1.56787e-06
-8.64014e-07
-2.00928e-06
1.95801e-07
-1.70264e-06
-7.87842e-07
4.32007e-07
3.75244e-07
5.72021e-07
-1.15039e-06
-1.30859e-07
-1.33179e-07
1.90674e-07
-5.1416e-07
5.55603e-07
-2.2168e-07
0.00448134
-0.00107224
-0.00280563
-0.00374933
-0.00379047
-0.00337117
-0.0027545
-0.00210563
-0.00150627
-0.000987548
-0.000557807
-0.000216406
3.98791e-05
0.000217074
0.000324114
0.000372709
0.000376498
0.000349333
0.000303962
0.000250848
0.000197708
0.000149504
0.000108811
7.64006e-05
5.18418e-05
3.40418e-05
2.1655e-05
1.33568e-05
7.9939e-06
4.6451e-06
2.62208e-06
1.43852e-06
7.67345e-07
3.98145e-07
2.01017e-07
9.87937e-08
4.72831e-08
2.20474e-08
1.00213e-08
4.44342e-09
1.92388e-09
8.14616e-10
3.38093e-10
1.38028e-10
5.57338e-11
2.24413e-11
9.11483e-12
3.78877e-12
1.63611e-12
7.42116e-13
3.54462e-13
1.77066e-13
9.13375e-14
4.79926e-14
2.53955e-14
1.34233e-14
7.04982e-15
3.66721e-15
1.88535e-15
9.56588e-16
4.76214e-16
2.30259e-16
1.00872e-16
2.51247e-17
