-5.53223e-07
-8.12012e-07
-1.0708e-06
-1.32959e-06
-1.58838e-06
-1.84717e-06
-1.10596e-06
-1.36475e-06
-6.23535e-07
-8.82324e-07
-1.41113e-07
6.00098e-07
1.34131e-06
2.08252e-06
2.82373e-06
3.56494e-06
-2.32324e-06
-1.58203e-06
-8.4082e-07
9.00391e-07
2.6416e-06
-3.24658e-06
-1.50537e-06
2.3584e-07
1.97705e-06
3.71826e-06
-2.16992e-06
5.71289e-07
2.3125e-06
-2.57568e-06
1.65527e-07
1.90674e-06
-2.98145e-06
7.59766e-07
3.50098e-06
-1.38721e-06
1.354e-06
-2.53418e-06
1.20703e-06
-3.68115e-06
6.00586e-08
-3.82813e-06
-8.69141e-08
-3.9751e-06
7.66113e-07
-3.12207e-06
1.61914e-06
-2.26904e-06
2.47217e-06
-4.16016e-07
-3.3042e-06
1.43701e-06
-1.45117e-06
-3.33936e-06
1.40186e-06
-4.86328e-07
-2.37451e-06
2.3667e-06
4.78516e-07
-4.09668e-07
-2.29785e-06
3.44336e-06
2.55518e-06
6.66992e-07
-2.21191e-07
-1.10938e-06
-1.99756e-06
-2.88574e-06
-2.77393e-06
-3.66211e-06
4.0791e-06
3.19092e-06
3.30273e-06
3.41455e-06
3.52637e-06
-3.99121e-06
-2.87939e-06
-2.76758e-06
-1.65576e-06
-5.43945e-07
5.67871e-07
1.67969e-06
2.7915e-06
-2.72607e-06
-1.61426e-06
4.97559e-07
2.60938e-06
-2.9082e-06
-7.96387e-07
1.31543e-06
-3.20215e-06
-1.09033e-06
2.02148e-06
-2.49609e-06
6.15723e-07
-3.90186e-06
-7.90039e-07
3.32178e-06
-1.95801e-07
3.91602e-06
3.98438e-07
-3.11914e-06
9.92676e-07
-1.5249e-06
2.58691e-06
6.93359e-08
-2.44824e-06
2.66357e-06
1.146e-06
-1.37158e-06
-2.88916e-06
3.22266e-06
1.70508e-06
1.875e-07
-1.33008e-06
-1.84766e-06
-2.36523e-06
-2.88281e-06
-3.40039e-06
3.71143e-06
3.19385e-06
3.67627e-06
-3.4707e-06
-2.98828e-06
-2.50586e-06
-1.02344e-06
-5.41016e-07
9.41406e-07
2.42383e-06
-3.72314e-06
-2.24072e-06
2.41699e-07
2.72412e-06
-2.42285e-06
5.95703e-08
2.54199e-06
-1.60498e-06
8.77441e-07
-3.26953e-06
2.12891e-07
-2.93408e-06
5.4834e-07
-2.59863e-06
1.88379e-06
-1.26318e-06
4.21924e-06
1.07227e-06
-1.07471e-06
-3.22168e-06
2.26074e-06
1.11377e-06
-1.0332e-06
-2.18018e-06
-3.32715e-06
-3.47412e-06
3.0083e-06
2.86133e-06
2.71436e-06
3.56738e-06
3.42041e-06
-3.35596e-06
-2.50293e-06
-1.6499e-06
-7.96875e-07
1.05615e-06
2.90918e-06
-2.86719e-06
-1.01416e-06
1.83887e-06
-2.9375e-06
-8.44727e-08
2.76855e-06
-1.00781e-06
2.84521e-06
-9.31152e-07
2.92187e-06
1.45508e-07
-2.63086e-06
2.22217e-06
-5.54199e-07
-2.33057e-06
3.52246e-06
1.74609e-06
9.69727e-07
-8.06641e-07
-1.58301e-06
-1.35938e-06
-2.13574e-06
-1.91211e-06
-1.68848e-06
-1.46484e-06
-2.41211e-07
9.82422e-07
2.20605e-06
-3.19971e-06
-9.76074e-07
1.24756e-06
3.47119e-06
-9.3457e-07
2.28906e-06
-2.1167e-06
1.10693e-06
-2.29883e-06
1.9248e-06
-4.80957e-07
-3.88672e-06
1.33691e-06
-6.88477e-08
-2.47461e-06
-3.88037e-06
3.34326e-06
1.9375e-06
1.53174e-06
1.12598e-06
1.72021e-06
2.31445e-06
2.90869e-06
-4.12646e-06
-2.53223e-06
6.20117e-08
1.65625e-06
-3.37891e-06
-7.84668e-07
2.80957e-06
-2.22559e-06
2.36865e-06
-1.6665e-06
2.92773e-06
-1.07422e-07
-2.14258e-06
3.45166e-06
1.4165e-06
3.81348e-07
-6.53809e-07
-1.68896e-06
-1.72412e-06
-1.75928e-06
-1.79443e-06
-8.2959e-07
1.35254e-07
2.1001e-06
-3.56445e-06
-1.59961e-06
1.36523e-06
-3.29932e-06
6.65527e-07
-2.99902e-06
9.6582e-07
-2.69873e-06
3.26611e-06
6.01563e-07
-1.06299e-06
-2.72754e-06
-3.39209e-06
3.57275e-06
2.9082e-06
3.24365e-06
-3.05029e-06
-2.71484e-06
-1.37939e-06
9.56055e-07
3.2915e-06
-2.00244e-06
1.33301e-06
-2.96094e-06
1.37451e-06
-1.91943e-06
3.41602e-06
1.12207e-06
-1.17187e-06
-2.46582e-06
-2.75977e-06
-3.05371e-06
-3.34766e-06
-2.6416e-06
-1.93555e-06
-1.22949e-06
1.47656e-06
3.18262e-06
-1.74072e-06
1.96533e-06
-1.95801e-06
1.74805e-06
-1.17529e-06
-3.09863e-06
2.60742e-06
6.84082e-07
-2.39258e-07
-1.62598e-07
-8.59375e-08
-9.27734e-09
1.06738e-06
3.14404e-06
-2.40869e-06
-3.32031e-07
2.74463e-06
-8.08105e-07
3.26855e-06
7.1582e-07
-1.83691e-06
-3.38965e-06
2.68701e-06
2.13428e-06
1.58154e-06
2.02881e-06
2.47607e-06
-3.70605e-06
-1.25879e-06
1.18848e-06
-2.99365e-06
4.53613e-07
-2.72852e-06
1.71875e-06
-4.63379e-07
-1.64551e-06
-2.82764e-06
-3.00977e-06
-3.19189e-06
-2.37402e-06
-1.55615e-06
2.61719e-07
3.07959e-06
-7.31934e-07
3.08594e-06
-7.25586e-07
-3.53711e-06
2.28076e-06
1.46924e-06
6.57715e-07
8.46191e-07
1.03467e-06
2.22314e-06
-3.21777e-06
-1.0293e-06
2.15918e-06
-1.28174e-06
2.90674e-06
4.6582e-07
-9.75098e-07
-2.41602e-06
-2.85693e-06
-2.29785e-06
-1.73877e-06
-1.79688e-07
2.37939e-06
-1.69092e-06
1.86816e-06
-1.20215e-06
-4.27246e-06
2.28662e-06
1.21631e-06
1.146e-06
1.07568e-06
3.00537e-06
-2.69434e-06
-7.64648e-07
3.16504e-06
-5.34668e-07
-3.23438e-06
2.69531e-06
1.99561e-06
1.2959e-06
1.59619e-06
2.89648e-06
-2.43262e-06
-1.32324e-07
3.16797e-06
8.38867e-07
-2.49023e-06
-3.81934e-06
3.48096e-06
3.15186e-06
-3.80664e-06
-2.13574e-06
5.35156e-07
-3.42334e-06
2.47559e-07
-1.71094e-06
-3.66943e-06
3.00146e-06
3.04297e-06
-3.54492e-06
-1.50342e-06
5.38086e-07
-3.0498e-06
9.91699e-07
-1.59619e-06
-3.18408e-06
-2.77197e-06
-2.35986e-06
-9.47754e-07
4.64355e-07
-3.75293e-06
6.5918e-07
-1.55811e-06
-3.77539e-06
3.63672e-06
3.41943e-06
-2.42725e-06
-6.44531e-07
3.13818e-06
-7.08496e-07
-2.55518e-06
3.22754e-06
2.38086e-06
3.53418e-06
-2.94189e-06
2.11426e-07
3.36475e-06
8.88672e-07
-1.5874e-06
-2.06348e-06
-1.53955e-06
-1.01563e-06
1.5083e-06
-2.59717e-06
1.92676e-06
-1.78711e-07
-1.28418e-06
-1.38965e-06
-4.95117e-07
2.39941e-06
-2.33545e-06
2.55908e-06
8.24219e-07
8.93555e-08
3.54492e-07
1.61963e-06
-3.74463e-06
5.20508e-07
-2.84375e-06
3.42139e-06
3.05713e-06
-2.93652e-06
-1.30078e-06
2.33496e-06
-6.58691e-07
-2.65234e-06
-3.646e-06
-3.63965e-06
-1.6333e-06
1.37305e-06
-1.25e-06
-3.87305e-06
3.1333e-06
3.51025e-06
-1.74219e-06
6.34766e-07
-2.61768e-06
3.75928e-06
2.50684e-06
3.25439e-06
-2.62744e-06
1.12012e-06
-1.76172e-06
-3.64355e-06
-3.52539e-06
-2.40723e-06
7.10937e-07
-2.80029e-06
2.31787e-06
1.80664e-06
2.29541e-06
-3.84521e-06
-3.56445e-07
-2.49707e-06
2.9917e-06
3.85107e-06
-1.91895e-06
9.4043e-07
-1.82959e-06
-3.59961e-06
-3.36963e-06
-2.13965e-06
1.09033e-06
-2.30908e-06
-3.7085e-06
-4.10791e-06
-2.50732e-06
1.09326e-06
-1.93555e-06
-2.96436e-06
-2.99316e-06
-1.02197e-06
2.94922e-06
2.91016e-07
-3.67187e-07
-2.53906e-08
2.31641e-06
-9.71191e-07
-2.25879e-06
-2.54639e-06
-8.33984e-07
1.87842e-06
-3.85742e-08
-9.55566e-07
-8.72559e-07
2.21045e-06
-1.33594e-06
-2.88232e-06
-2.42871e-06
2.49023e-08
3.47852e-06
1.30273e-06
1.12695e-06
2.95117e-06
-8.54004e-07
-2.65918e-06
-3.46436e-06
-2.26953e-06
1.92529e-06
-5.09277e-07
-9.43848e-07
6.21582e-07
-3.44238e-06
2.12305e-06
2.05908e-06
2.99512e-06
-6.98242e-07
-2.3916e-06
-2.08496e-06
2.2168e-07
-4.10107e-06
2.20557e-06
2.88281e-06
-2.06934e-06
2.60791e-06
2.65576e-06
3.70361e-06
-8.7793e-07
-2.45947e-06
-2.04102e-06
3.77441e-07
-2.8335e-06
3.58496e-06
-3.25537e-06
5.33691e-07
-1.30664e-06
-1.14697e-06
1.0127e-06
-1.45703e-06
-1.92676e-06
-3.96484e-07
3.13379e-06
2.03467e-06
2.93555e-06
-7.92969e-07
-2.52148e-06
-2.25e-06
2.14844e-08
-1.33643e-06
-1.69434e-06
9.47754e-07
-2.03955e-06
-2.02686e-06
-1.41602e-08
-2.63086e-06
-3.24756e-06
-8.64258e-07
-4.11035e-06
3.27295e-06
-1.60254e-06
3.15137e-06
2.27588e-06
-2.229e-06
2.89551e-06
2.39062e-06
-2.74365e-06
2.75146e-06
3.61719e-06
-1.14648e-06
-2.91016e-06
-1.67383e-06
1.5625e-06
1.16943e-06
2.77637e-06
-2.46094e-07
-1.26855e-06
1.70898e-06
-9.42871e-07
4.05273e-07
3.75342e-06
2.47217e-06
-3.43848e-06
1.28027e-06
1.36963e-06
-3.17041e-06
2.91895e-06
-3.25049e-06
1.20947e-06
1.04004e-06
-3.75879e-06
2.07178e-06
-3.35645e-06
8.44727e-07
1.4165e-06
-2.64111e-06
3.93066e-06
-1.75635e-06
3.18604e-06
-3.13037e-06
1.18262e-06
8.66211e-07
-3.07959e-06
3.604e-06
-1.97119e-06
3.08301e-06
-3.12158e-06
2.30322e-06
2.09863e-06
-7.35352e-07
-1.56934e-06
2.59668e-06
1.1333e-06
-3.95947e-06
2.57715e-06
-2.14502e-06
3.76221e-06
-2.58936e-06
2.68848e-06
-3.29248e-06
2.35596e-06
3.375e-06
7.64648e-07
2.1543e-06
-1.08545e-06
6.74805e-07
-2.19434e-06
-1.06348e-06
3.06738e-06
-3.06055e-06
2.44092e-06
3.31299e-06
1.55566e-06
2.79834e-06
1.41162e-06
3.0249e-06
2.00879e-06
-3.63672e-06
3.34717e-06
-9.27734e-07
-1.20264e-06
2.52246e-06
3.61816e-06
8.44727e-08
1.55078e-06
-6.12305e-07
2.22461e-06
1.43213e-06
-2.98975e-06
-3.41162e-06
1.1665e-06
3.11523e-06
1.43457e-06
3.75391e-06
3.44385e-06
-4.95605e-07
5.64941e-07
-1.00391e-06
1.42725e-06
1.229e-06
-2.59863e-06
-1.42627e-06
-2.8833e-06
6.59668e-07
1.57324e-06
-1.14258e-06
1.1416e-06
7.96387e-07
-2.17822e-06
-1.52832e-07
-7.56836e-07
3.63916e-06
-2.22363e-06
-3.08643e-06
1.05078e-06
2.55859e-06
2.43701e-06
-1.31396e-06
9.35059e-07
5.54688e-07
-2.45508e-06
5.35156e-07
8.95996e-07
-1.37256e-06
2.35889e-06
3.46094e-06
2.93359e-06
-2.23145e-07
1.62012e-06
2.83398e-06
4.18457e-07
-2.62646e-06
-6.71387e-07
-3.45703e-07
-1.64941e-06
2.04687e-06
-3.51562e-06
-3.07813e-06
3.35938e-06
5.38086e-07
3.7168e-06
-3.36328e-06
-3.44336e-06
2.47656e-06
-8.62305e-07
1.79883e-06
2.83057e-06
3.23291e-06
1.00586e-06
-1.85059e-06
2.29297e-06
-3.82227e-06
-2.9375e-06
-2.68213e-06
3.57324e-06
5.69824e-07
-3.06299e-06
3.04199e-07
2.04199e-06
3.15039e-06
3.62939e-06
2.479e-06
6.99219e-07
-1.70996e-06
2.88086e-06
-7.87109e-07
1.54492e-06
-3.38184e-06
-1.30859e-06
1.35254e-07
9.49707e-07
1.13477e-06
6.9043e-07
6.16699e-07
-8.64258e-08
-1.41895e-06
-3.38086e-06
3.65723e-06
1.43652e-06
-4.13574e-07
-1.89307e-06
3.62744e-06
1.88916e-06
-4.78516e-07
-1.47559e-06
-3.10205e-06
3.27148e-06
2.38623e-06
8.71582e-07
7.27539e-07
9.54102e-07
1.55127e-06
2.51904e-06
-3.77197e-06
-2.06299e-06
1.0166e-06
-3.1626e-06
1.6582e-06
-1.77979e-06
-2.84717e-06
4.08545e-06
3.75928e-06
-2.82568e-06
-4.10645e-07
2.375e-06
-9.81445e-08
-2.20068e-06
-2.93262e-06
-2.29395e-06
-2.84668e-07
3.09521e-06
2.16309e-07
-1.29199e-06
-1.42969e-06
8.03223e-07
-3.22266e-06
2.75146e-06
2.4668e-06
-4.07666e-06
-6.20117e-07
-2.42236e-06
-2.854e-06
-9.15039e-07
3.39453e-06
2.44531e-06
2.8667e-06
-9.70703e-07
-2.4375e-06
-2.53369e-06
7.40723e-07
-1.24365e-06
-8.57422e-07
2.89941e-06
1.39746e-06
3.26611e-06
-1.24023e-07
-1.14355e-06
1.20752e-06
-7.00195e-07
7.62695e-07
-2.0332e-06
-2.4585e-06
1.48682e-06
1.7334e-07
3.23047e-06
2.02881e-06
-3.43164e-06
2.10791e-06
-3.24072e-06
2.41064e-06
-2.82617e-06
2.93701e-06
-2.18799e-06
-2.94238e-06
-3.26172e-07
-9.6875e-07
2.75928e-06
-3.40088e-06
1.43896e-06
4.02002e-06
2.34229e-06
-1.59424e-06
-1.60156e-07
-2.98486e-06
5.61035e-07
8.48145e-07
-2.12354e-06
1.27539e-06
1.41553e-06
-7.03125e-07
2.54883e-06
3.54199e-06
2.27637e-06
-2.48047e-07
2.59814e-06
3.18555e-06
1.51416e-06
-4.16016e-07
2.02441e-06
-3.42334e-06
-3.50049e-06
2.79297e-06
1.98242e-07
-3.65527e-06
-1.38184e-07
1.12012e-06
2.11963e-06
1.86035e-06
1.34229e-06
-4.3457e-07
-3.47021e-06
1.86475e-06
-1.68848e-06
2.12891e-06
-9.41895e-07
2.35791e-06
-2.23047e-06
1.55176e-06
-2.5542e-06
1.71045e-06
-1.91309e-06
1.83398e-06
-3.07129e-07
-2.70703e-06
3.26367e-06
2.34619e-06
3.16992e-06
3.73486e-06
-1.58838e-06
1.45898e-06
-1.38184e-06
-3.48145e-06
-3.83984e-06
-2.45703e-06
6.66992e-07
-3.09717e-06
3.50928e-06
-3.40186e-06
-9.42383e-07
-3.37109e-06
-3.05859e-06
-2.00488e-06
2.79004e-06
2.69678e-06
-3.28467e-06
2.10449e-06
1.60547e-06
-2.78174e-06
4.20166e-06
-2.33252e-06
3.50391e-06
-3.17725e-06
1.51221e-06
2.31348e-06
-7.73438e-07
-1.19141e-07
-3.35303e-06
-1.8457e-06
-3.22656e-06
-8.66211e-07
-2.39404e-06
1.81934e-06
3.14453e-06
5.81543e-07
-3.86963e-06
-2.57959e-06
3.45166e-06
-1.03467e-06
2.20215e-07
-4.13086e-07
-2.93457e-06
2.85156e-07
2.6167e-06
2.06006e-06
1.61523e-06
-1.71777e-06
2.69043e-06
-2.41895e-06
2.12891e-07
9.56543e-07
1.81201e-06
2.7793e-06
1.8584e-06
2.04932e-06
1.35205e-06
7.66602e-07
1.29297e-06
9.31152e-07
1.68115e-06
3.54297e-06
-2.11279e-06
9.72656e-07
-2.45947e-06
2.84961e-06
1.64111e-06
1.54443e-06
-3.06982e-06
5.71289e-08
-1.3335e-06
-1.6123e-06
1.2207e-06
-1.46387e-06
-2.03662e-06
5.02441e-07
-1.47607e-06
-1.34277e-06
2.90234e-06
2.62988e-06
-2.16016e-06
-3.83838e-06
-1.40479e-06
-1.48877e-06
1.53906e-06
1.04932e-06
-2.95801e-06
-8.53516e-07
-3.2666e-06
4.32129e-07
6.13281e-07
-7.23145e-07
3.05225e-06
-3.31934e-06
-3.5791e-06
2.27295e-06
-1.02197e-06
1.79492e-06
-3.53516e-06
-2.75342e-06
-2.48926e-06
-3.74268e-06
3.11572e-06
1.82715e-06
2.09961e-08
-1.30273e-06
-2.14404e-06
-2.50293e-06
-2.37939e-06
-1.77344e-06
3.14941e-07
2.88574e-06
3.0957e-07
-7.8418e-07
-3.95508e-07
1.47559e-06
-1.80029e-06
-2.59375e-06
-9.04785e-07
-3.36279e-06
-3.33838e-06
1.68457e-07
-1.47168e-06
1.37061e-06
6.5918e-08
2.24365e-06
2.27441e-06
-1.8418e-06
-1.47559e-06
-3.25635e-06
-5.54688e-07
0
-1.59229e-06
2.29785e-06
-2.58838e-06
-1.99219e-06
-1.54297e-06
-3.24072e-06
1.54395e-06
-4.47754e-07
4.04297e-06
7.57324e-07
-2.67529e-06
1.37451e-06
-3.52051e-07
-2.22559e-06
-3.24609e-06
-2.41357e-06
-7.28027e-07
3.81055e-06
1.57275e-06
2.18799e-06
-2.97314e-06
2.34814e-06
3.89307e-06
-3.38379e-07
-7.16797e-07
2.75781e-06
2.45605e-06
-6.2207e-07
1.52832e-07
-2.84863e-06
2.92968e-09
1.07812e-06
-1.62305e-06
2.52881e-06
-2.7251e-06
-2.12598e-06
-2.30322e-06
-3.25684e-06
2.64258e-06
1.13623e-06
-1.46484e-07
-2.20557e-06
-3.04102e-06
-3.65283e-06
-3.04102e-06
-2.05566e-07
3.85352e-06
1.50684e-06
2.38379e-06
-2.14502e-06
3.1792e-06
-2.53174e-06
1.61035e-06
2.34668e-06
-3.22754e-07
1.23145e-06
-6.20117e-07
2.75195e-06
-3.91113e-06
2.27881e-06
-5.66406e-07
2.81201e-06
-2.84473e-06
-2.27783e-06
-1.1167e-06
-1.36133e-06
-1.01172e-06
-6.78711e-08
1.47021e-06
-3.02686e-06
6.99707e-07
-1.60889e-06
-1.32324e-06
5.56641e-07
-1.59863e-06
-1.15967e-06
2.87354e-06
2.87158e-06
-1.65527e-07
3.91602e-07
-1.08643e-06
2.02979e-06
3.11084e-06
2.15674e-06
1.6748e-07
-2.85693e-06
7.12891e-07
-3.38184e-06
1.17676e-07
3.58203e-06
3.81836e-07
-1.85352e-06
-2.12402e-06
-1.42969e-06
2.22949e-06
1.22412e-06
2.18359e-06
-5.21484e-07
7.38281e-07
-1.6665e-06
-1.06445e-07
-2.10938e-07
-2.97998e-06
2.1582e-07
1.74707e-06
1.61377e-06
1.81592e-06
1.35352e-06
2.26563e-07
4.35059e-07
1.979e-06
-2.771e-06
1.44385e-06
3.64746e-07
2.62109e-06
-4.16504e-07
-1.18652e-07
-3.11475e-06
-7.75391e-07
-2.72998e-06
1.65088e-06
3.73779e-06
-3.09863e-06
-3.59961e-06
3.23486e-06
2.146e-06
1.76318e-06
2.08643e-06
4.11572e-06
-7.7832e-07
-2.96631e-06
-1.44824e-06
1.77588e-06
2.07666e-06
-1.5459e-06
-4.62402e-07
-2.30225e-06
2.56396e-06
-3.12256e-06
-1.10303e-06
-6.83593e-09
1.16602e-06
2.41553e-06
-2.8877e-06
1.51514e-06
-6.34766e-07
2.91992e-07
-3.33398e-06
-2.8833e-06
6.44043e-07
1.61865e-06
4.05273e-08
-3.09033e-06
-1.44531e-07
1.24854e-06
3.08887e-06
-2.25293e-06
-5.18066e-07
-3.96533e-06
1.66406e-06
3.11133e-06
-6.23535e-07
-9.11133e-07
2.24854e-06
3.22607e-06
2.02148e-06
-3.65234e-07
2.69531e-06
-2.05566e-06
1.64063e-06
-2.47461e-06
2.85742e-06
1.37793e-06
3.71631e-06
2.43164e-07
1.58789e-06
-8.78906e-07
1.47217e-06
1.01172e-06
7.39746e-07
-1.34375e-06
-3.23877e-06
2.68408e-06
2.16602e-06
2.83643e-06
-9.34082e-07
-1.51611e-06
1.09033e-06
1.25586e-06
-2.01953e-06
8.93555e-07
3.36572e-06
-3.23242e-06
-1.64209e-06
5.07324e-07
-3.41357e-06
1.854e-06
4.05127e-06
1.17822e-06
2.86426e-06
2.47998e-06
-9.74609e-07
3.12988e-06
-4.65332e-07
3.49854e-06
7.62695e-07
-4.3457e-08
1.08008e-06
-1.49609e-06
-1.42578e-07
-4.8877e-07
3.09473e-06
-6.50879e-07
1.5332e-06
-2.61182e-06
1.17285e-06
-3.71582e-07
3.84277e-07
-3.18896e-06
-2.46191e-06
-4.06396e-06
6.34277e-07
-3.62598e-06
-5.85937e-07
4.125e-06
1.87744e-06
1.30078e-06
-2.23438e-06
-2.09863e-06
2.70801e-06
-2.07324e-06
-1.83594e-07
1.74756e-06
-3.90918e-06
1.0498e-07
-4.6875e-07
1.99902e-06
8.78906e-07
-2.8291e-06
5.04395e-07
2.25e-06
-3.22168e-06
3.48145e-07
-1.29932e-06
-5.34668e-07
-2.9873e-06
-1.02783e-06
-2.85645e-07
-7.60742e-07
-4.53125e-07
6.37207e-07
-4.11914e-06
2.53662e-06
-2.28369e-06
-2.32129e-06
3.42383e-06
1.69287e-06
1.15234e-07
-3.09082e-07
1.41992e-06
-3.27148e-07
2.0791e-06
3.00928e-06
2.46338e-06
1.44141e-06
1.94336e-06
-3.66016e-06
2.88965e-06
-2.29541e-06
-2.95654e-06
-3.72314e-06
3.03418e-06
2.05664e-06
-3.65576e-06
2.15576e-06
-3.39697e-06
3.57422e-06
2.18115e-06
1.05322e-06
1.19043e-06
3.59277e-06
2.63086e-06
-2.69531e-06
-7.56348e-07
-1.81641e-07
2.02881e-06
-1.75439e-06
-2.90186e-06
5.86426e-07
1.08105e-06
1.58203e-06
2.08936e-06
-3.02637e-06
2.49365e-06
3.39062e-06
2.66455e-06
1.31543e-06
3.43262e-07
-2.51953e-07
2.52979e-06
2.05908e-06
3.35938e-07
-3.63965e-06
7.61719e-07
2.8125e-07
1.54834e-06
9.33594e-07
-1.56299e-06
2.68799e-06
4.27734e-07
2.85645e-07
-3.36768e-06
-1.90283e-06
-1.94922e-06
-5.06836e-07
1.42432e-06
2.14844e-07
2.49414e-06
-3.99658e-06
-2.99854e-06
-1.41113e-07
-2.05371e-06
-1.06934e-07
1.06982e-06
1.47656e-06
2.11328e-06
-6.49414e-07
-1.82129e-07
-1.14258e-07
-1.4458e-06
-1.17676e-06
1.69287e-06
2.53369e-06
1.3457e-06
-8.71094e-07
-1.16699e-07
3.60889e-06
-3.95313e-06
4.08545e-06
-3.79297e-06
-7.00195e-07
-2.89502e-06
2.25195e-06
-1.51807e-06
3.05371e-06
3.7085e-06
1.44629e-06
-2.73291e-06
2.80029e-06
1.78711e-06
-2.77246e-06
-1.24902e-06
7.28027e-07
-3.4707e-06
3.41357e-06
4.92676e-07
-2.604e-06
2.75293e-06
-3.32471e-06
3.05127e-06
9.92676e-07
1.28906e-07
2.45996e-06
2.35645e-06
1.81836e-06
2.8457e-06
-1.19092e-06
-6.62109e-07
-1.97266e-07
2.20361e-06
-8.88672e-08
2.55469e-06
-2.12451e-06
3.13232e-06
-3.56299e-06
2.67773e-06
2.96631e-06
-3.69727e-06
2.9458e-06
7.32422e-09
-8.83301e-07
2.73926e-07
-1.50391e-07
-1.15625e-06
2.56348e-07
-2.54199e-06
1.07812e-06
-2.14209e-06
-1.57324e-06
3.78467e-06
6.72852e-07
7.20703e-07
-2.70117e-06
3.66211e-08
-3.32471e-06
-2.15576e-06
-4.08594e-06
3.51416e-06
-2.24365e-06
-2.10059e-06
-1.68604e-06
1e-06
1.32812e-06
1.29834e-06
2.91064e-06
1.53564e-06
1.7334e-07
-1.7627e-07
-3.14258e-06
9.03809e-07
-1.2959e-06
-1.12305e-07
1.8252e-06
-3.11279e-06
-3.29687e-06
3.27295e-06
-3.2915e-06
2.89795e-06
-4.6875e-08
5.03418e-07
-3.08057e-06
1.83057e-06
1.97803e-06
-6.38184e-07
-2.01807e-06
-1.16162e-06
-6.98242e-07
3.7207e-07
-2.58008e-06
2.07471e-06
1.07764e-06
-2.57129e-06
7.57324e-07
8.04688e-07
-1.4292e-06
-2.94434e-06
1.25928e-06
3.55225e-06
1.30518e-06
-2.48193e-06
1.82031e-06
1.95312e-06
1.9165e-06
-2.91895e-06
-2.92383e-06
-1.72754e-06
-2.95947e-06
2.00977e-06
2.92139e-06
1.77539e-06
1.57178e-06
-3.18848e-07
-1.89648e-06
-1.61133e-07
1.25781e-06
-2.26904e-06
-1.12305e-07
-3.53076e-06
-1.89502e-06
1.65527e-07
-9.78516e-07
-2.32715e-06
1.19629e-07
1.73242e-06
-1.11816e-06
2.19727e-06
-5.80078e-07
3.1792e-06
2.16309e-07
3.16064e-06
-1.24658e-06
6.24023e-07
2.14307e-06
1.68115e-06
1.23828e-06
-2.81494e-06
2.15088e-06
2.87695e-06
-2.26611e-06
2.98047e-06
1.72852e-06
-3.02197e-06
3.58398e-07
1.61084e-06
2.73535e-06
1.02539e-07
-2.87598e-07
-3.06445e-06
2.40137e-06
-1.77832e-06
-2.97412e-06
8.13965e-07
-6.72852e-07
-2.43457e-06
-4.71191e-07
5.87891e-07
-1.88672e-06
3.73437e-06
-4.37012e-07
3.85791e-06
-1.26904e-06
-3.18848e-06
2.09961e-06
3.33643e-06
-2.10742e-06
-3.60254e-06
-1.77832e-06
-2.26416e-06
9.39941e-07
-3.4248e-06
-2.729e-06
3.97949e-07
1.32666e-06
-1.57227e-06
-3.29883e-06
1.46973e-07
-1.49365e-06
3.40869e-06
-2.03418e-06
2.43652e-06
-3.06738e-06
-3.9165e-06
-3.74023e-06
2.46143e-06
-2.19971e-06
5.35156e-07
1.40723e-06
-1.21289e-06
-3.3252e-06
1.07031e-06
7.14844e-07
1.6084e-06
1.12158e-06
-2.375e-06
2.74805e-06
6.02539e-07
2.81787e-06
-8.64746e-07
-3.44531e-06
7.61719e-08
-5.59082e-07
-3.51074e-07
7.08008e-08
-1.92285e-06
-1.33203e-06
1.21387e-06
2.08545e-06
1.65332e-06
2.91748e-06
-1.38086e-06
1.3877e-06
1.96436e-06
-2.28027e-06
-3.34619e-06
2.7666e-06
1.69922e-07
1.49316e-06
-5.22461e-07
-8.76953e-07
-1.19971e-06
-3.12012e-06
3.61816e-07
-1.26953e-08
1.75635e-06
-2.58984e-06
5.78125e-07
2.00146e-06
1.05078e-06
-2.90332e-06
2.76855e-06
3.17822e-06
-3.30371e-06
-2.04785e-06
-2.31299e-06
2.90088e-06
-1.29443e-06
-2.26953e-06
3.46191e-07
-1.70605e-06
-2.42627e-06
-1.44385e-06
-3.88184e-07
1.11133e-06
2.42529e-06
2.92432e-06
1.979e-06
-1.04004e-06
1.86719e-06
2.44189e-06
5.46875e-08
2.70557e-06
3.13574e-06
-2.8418e-07
1.4458e-06
-9.33105e-07
1.5791e-06
1.72363e-06
1.68579e-06
-9.78516e-07
-2.08398e-06
-1.26001e-06
8.64014e-07
8.43994e-07
5.05371e-08
-1.14575e-06
4.4043e-07
-1.44971e-06
1.18384e-06
1.08228e-06
-3.83789e-07
9.70947e-07
-2.1123e-06
3.66455e-07
-8.51562e-07
1.41895e-06
-1.08081e-06
1.64917e-06
-1.4646e-06
1.39258e-06
1.14722e-06
-8.30078e-07
-3.54004e-07
1.31348e-07
-8.18115e-07
-1.83179e-06
1.27563e-06
4.30664e-07
-1.1814e-06
8.10059e-07
1.96094e-06
8.27148e-07
7.79297e-07
1.18799e-06
-1.20557e-06
-1.21606e-06
-1.2876e-06
9.50439e-07
2.39258e-07
-1.05054e-06
-5.4834e-07
3.01758e-07
5.56641e-08
2.08398e-06
-8.7207e-07
-6.27197e-07
1.37451e-06
-1.25732e-07
-7.57324e-07
-1.49658e-07
-1.56152e-06
-1.62231e-06
2.03857e-06
1.34766e-06
-1.32446e-06
-6.07178e-07
1.05542e-06
-5.95459e-07
-1.89209e-07
-1.69922e-07
1.01831e-06
-1.8833e-06
-6.89453e-07
3.41064e-07
1.76416e-06
-6.78955e-07
2.19702e-06
1.3186e-06
1.0564e-06
-8.48389e-07
-1.02515e-06
1.08203e-06
-6.00342e-07
1.11304e-06
-8.51318e-07
-1.22803e-07
-9.60205e-07
2.00708e-06
1.70557e-06
-3.08838e-07
3.34473e-07
1.37671e-06
1.55908e-06
1.4375e-06
1.56787e-06
1.69141e-06
1.36401e-06
3.26904e-07
-8.64014e-07
1.34717e-06
-1.11304e-06
1.25977e-07
-2.00928e-06
-1.48193e-07
-1.36426e-06
1.71313e-06
1.95801e-07
4.54346e-07
2.2998e-07
2.63916e-07
-1.70264e-06
1.70093e-06
1.58643e-06
5.09766e-07
-7.87842e-07
2.49512e-07
-4.5166e-07
-3.35449e-07
4.32007e-07
-4.08081e-07
-1.20715e-06
-2.23999e-07
3.75244e-07
3.31787e-07
2.94189e-07
-8.11035e-07
5.72021e-07
-5.37476e-07
-5.83618e-07
-7.32544e-07
-1.15039e-06
-1.09595e-06
1.71997e-07
5.79956e-07
-1.30859e-07
7.80762e-07
2.41333e-07
-7.93457e-09
-1.33179e-07
-3.00537e-07
-6.76147e-07
-4.26147e-07
1.90674e-07
1.93481e-07
3.23486e-07
1.41455e-06
-5.1416e-07
1.85913e-07
5.33936e-07
3.6377e-07
5.55603e-07
-1.0376e-08
-4.07654e-07
1.97632e-07
-2.2168e-07
-0.00287165
-0.00469029
-0.00320513
-0.00397632
-0.00265734
-0.00336526
-0.00217449
-0.00285608
-0.00180753
-0.00246847
-0.00154663
-0.00217692
-0.0013614
-0.00194995
-0.001221
-0.00175853
-0.00110074
-0.00158338
-0.000988
-0.00141701
-0.000876507
-0.00125384
-0.000763101
-0.00109284
-0.000648992
-0.000934875
-0.000534175
-0.000780988
-0.000420633
-0.000632665
-0.000310227
-0.000491538
-0.000204403
-0.000359334
-0.000104865
-0.000236689
-1.26436e-05
-0.000124706
7.10517e-05
-2.41586e-05
0.00014587
6.48125e-05
0.000211054
0.000141833
0.000266458
0.000206879
0.000311958
0.000260223
0.000347595
0.000302219
0.00037383
0.000333492
0.000391044
0.000354769
0.000399989
0.00036692
0.000401424
0.000370958
0.00039622
0.000367909
0.00038536
0.000358836
0.000369763
0.000344836
0.0003504
0.000326941
0.000328198
0.000306123
0.000304027
0.000283329
0.000278715
0.000259374
0.000252954
0.000234983
0.000227365
0.000210774
0.00020246
0.00018725
0.000178651
0.00016481
0.000156247
0.000143756
0.000135472
0.000124291
0.000116464
0.000106541
9.92924e-05
9.05581e-05
8.39589e-05
7.63376e-05
7.04217e-05
6.38283e-05
5.85979e-05
5.29419e-05
4.83762e-05
4.35657e-05
3.96275e-05
3.55705e-05
3.22112e-05
2.88184e-05
2.59837e-05
2.31699e-05
2.08021e-05
1.84876e-05
1.65291e-05
1.4641e-05
1.30365e-05
1.15086e-05
1.0206e-05
8.97957e-06
7.93159e-06
6.95499e-06
6.11922e-06
5.34767e-06
4.68684e-06
4.08207e-06
3.56392e-06
3.09357e-06
2.69067e-06
2.32768e-06
2.01693e-06
1.73894e-06
1.50118e-06
1.28991e-06
1.10944e-06
9.50084e-07
8.1417e-07
6.94875e-07
5.93306e-07
5.04669e-07
4.29347e-07
3.63976e-07
3.08542e-07
2.60686e-07
2.20196e-07
1.85418e-07
1.56064e-07
1.30974e-07
1.09851e-07
9.18821e-08
7.67929e-08
6.40171e-08
5.33171e-08
4.42986e-08
3.67663e-08
3.04455e-08
2.51812e-08
2.07827e-08
1.713e-08
1.40908e-08
1.15743e-08
9.48929e-09
7.76794e-09
6.34749e-09
5.17835e-09
4.21744e-09
3.42894e-09
2.78344e-09
2.25538e-09
1.82477e-09
1.47359e-09
1.18832e-09
9.56398e-10
7.68714e-10
6.1661e-10
4.93981e-10
3.94912e-10
3.15337e-10
2.51254e-10
1.9997e-10
1.58802e-10
1.25976e-10
9.97086e-11
7.88401e-11
6.21945e-11
4.90175e-11
3.85406e-11
3.02764e-11
2.37268e-11
1.85786e-11
1.45116e-11
1.13262e-11
8.81777e-12
6.85992e-12
5.32317e-12
4.12788e-12
3.19269e-12
2.46781e-12
1.9025e-12
1.46582e-12
1.12636e-12
8.65039e-13
6.62552e-13
5.07206e-13
3.87222e-13
2.95483e-13
2.24854e-13
1.71034e-13
1.29732e-13
9.83654e-14
7.43714e-14
5.62103e-14
4.23625e-14
3.1916e-14
2.39761e-14
1.80063e-14
1.34835e-14
1.00942e-14
7.53454e-15
5.62278e-15
4.18359e-15
3.11222e-15
2.30825e-15
1.71173e-15
1.26551e-15
9.35508e-16
6.89443e-16
5.08061e-16
3.73241e-16
2.74185e-16
2.0079e-16
1.4704e-16
1.0734e-16
7.83608e-17
5.70239e-17
4.1499e-17
3.01043e-17
2.18402e-17
1.57937e-17
1.14225e-17
8.23429e-18
5.93687e-18
4.26642e-18
3.06655e-18
2.19685e-18
1.57415e-18
1.1242e-18
8.03066e-19
5.71743e-19
4.07174e-19
2.88999e-19
2.05198e-19
1.45213e-19
1.0282e-19
7.25812e-20
5.12975e-20
3.61892e-20
2.5628e-20
1.82091e-20
1.31202e-20
9.66986e-21
7.47745e-21
6.23351e-21
5.80552e-21
6.11419e-21
7.20569e-21
