-5.53223e-07
-1.7002e-06
-1.84717e-06
-9.94141e-07
-1.41113e-07
1.71191e-06
3.56494e-06
-1.21143e-06
2.6416e-06
-1.13477e-06
3.71826e-06
9.41895e-07
1.65527e-07
-1.61084e-06
-1.38721e-06
-1.16357e-06
6.00586e-08
2.28369e-06
-3.12207e-06
1.01563e-07
-3.3042e-06
1.91943e-06
-4.86328e-07
-1.89209e-06
-2.29785e-06
-1.70361e-06
-1.10938e-06
4.84863e-07
4.0791e-06
4.39453e-08
-3.99121e-06
1.60303e-06
5.67871e-07
-4.67285e-07
4.97559e-07
1.4624e-06
-3.20215e-06
-2.37305e-07
-3.90186e-06
1.06299e-06
3.98438e-07
-2.66113e-07
6.93359e-08
1.40479e-06
-2.88916e-06
4.46289e-07
-1.84766e-06
-3.1416e-06
3.19385e-06
-3.72949e-06
-1.02344e-06
1.68262e-06
-2.24072e-06
3.46533e-06
2.54199e-06
2.61865e-06
-2.93408e-06
-8.57422e-07
4.21924e-06
1.6665e-06
1.11377e-06
1.56104e-06
3.0083e-06
-1.17383e-06
-3.35596e-06
3.09131e-06
2.90918e-06
-2.90234e-06
-8.44727e-08
-2.896e-06
2.92187e-06
3.11035e-06
-2.33057e-06
8.5791e-07
-1.58301e-06
-2.02393e-06
-1.46484e-06
2.09424e-06
-9.76074e-07
-3.04639e-06
-2.1167e-06
-1.87012e-07
-3.88672e-06
3.04297e-06
3.34326e-06
-1.98584e-06
2.31445e-06
9.85352e-07
1.65625e-06
-3.30225e-06
2.36865e-06
1.41016e-06
3.45166e-06
-1.3623e-07
-1.72412e-06
-1.31201e-06
2.1001e-06
-1.17187e-07
6.65527e-07
3.44824e-06
6.01563e-07
7.54883e-07
2.9082e-06
4.32129e-07
9.56055e-07
3.47998e-06
1.37451e-06
2.26904e-06
-2.46582e-06
-3.20068e-06
-1.93555e-06
2.32959e-06
1.96533e-06
-3.02832e-06
2.60742e-06
3.61377e-06
-9.27734e-09
3.67676e-07
2.74463e-06
1.49219e-06
-3.38965e-06
1.35791e-06
2.47607e-06
-3.51562e-08
4.53613e-07
-3.68701e-06
-2.82764e-06
1.03174e-06
2.61719e-07
-3.1377e-06
-3.53711e-06
1.06348e-06
1.03467e-06
-2.62354e-06
-1.28174e-06
3.06006e-06
-2.85693e-06
2.85547e-06
-1.69092e-06
-2.2373e-06
1.21631e-06
2.04053e-06
-7.64648e-07
2.43018e-06
1.99561e-06
-2.06836e-06
-1.32324e-07
-8.25684e-07
3.48096e-06
-2.47119e-06
-3.42334e-06
6.24512e-07
3.04297e-06
2.83203e-06
9.91699e-07
-3.47803e-06
-9.47754e-07
-2.04687e-06
-3.77539e-06
4.96094e-07
3.13818e-06
-3.47852e-06
3.53418e-06
1.28809e-06
-1.5874e-06
2.53711e-06
-2.59717e-06
-7.31445e-07
-4.95117e-07
1.11816e-07
8.93555e-08
-1.5625e-06
-2.84375e-06
3.875e-06
2.33496e-06
1.65527e-07
-1.6333e-06
-3.06152e-06
3.51025e-06
2.82324e-06
2.50684e-06
3.56104e-06
-3.64355e-06
-8.48145e-07
2.31787e-06
-7.74902e-07
-2.49707e-06
-2.84863e-06
-1.82959e-06
5.60059e-07
-2.30908e-06
-2.80762e-06
-1.93555e-06
2.30713e-06
2.91016e-07
1.64551e-06
-2.25879e-06
-3.79248e-06
-9.55566e-07
-3.37744e-06
-2.42871e-06
2.89062e-06
2.95117e-06
7.5293e-07
1.92529e-06
-1.61133e-07
2.12305e-06
1.14844e-06
-2.08496e-06
-9.47754e-07
-2.06934e-06
3.17969e-06
-2.45947e-06
-1.72803e-06
-3.25537e-06
1.58789e-06
-1.45703e-06
8.68652e-07
2.93555e-06
-2.88574e-06
-1.33643e-06
-1.0459e-06
-1.41602e-08
1.75879e-06
3.27295e-06
-1.10107e-06
2.89551e-06
3.90625e-09
-1.14648e-06
-5.55664e-07
2.77637e-06
2.20215e-07
4.05273e-07
3.33154e-06
1.36963e-06
3.14893e-06
1.04004e-06
2.67236e-06
1.4165e-06
-3.72754e-06
-3.13037e-06
2.20801e-06
-1.97119e-06
-4.0918e-07
-7.35352e-07
-2.94971e-06
2.57715e-06
-4.13574e-07
-3.29248e-06
1.56982e-06
-1.08545e-06
-2.62891e-06
-3.06055e-06
-1.38037e-06
1.41162e-06
-1.31396e-06
-9.27734e-07
2.57031e-06
1.55078e-06
-2.98633e-06
-3.41162e-06
1.2749e-06
3.44385e-06
3.09521e-06
1.229e-06
-2.15479e-06
1.57324e-06
-2.8457e-06
-1.52832e-07
-3.60693e-06
1.05078e-06
-4.38477e-07
5.54688e-07
4.03027e-06
2.35889e-06
-3.45947e-06
2.83398e-06
-2.64893e-06
-1.64941e-06
3.83252e-06
5.38086e-07
3.72607e-06
-8.62305e-07
2.03174e-06
-1.85059e-06
3.74951e-06
3.57324e-06
-2.37939e-06
3.15039e-06
-2.72559e-06
2.88086e-06
-1.91846e-06
1.35254e-07
4.12598e-07
-8.64258e-08
-3.61816e-07
-4.13574e-07
1.7583e-06
-1.47559e-06
-2.48584e-06
7.27539e-07
5.35156e-07
-2.06299e-06
1.5625e-06
-2.84717e-06
-1.0332e-06
2.375e-06
-2.51953e-07
-2.84668e-07
2.27686e-06
8.03223e-07
-2.70557e-06
-6.20117e-07
1.43018e-06
2.44531e-06
-3.2041e-06
7.40723e-07
2.09961e-08
3.26611e-06
2.84668e-06
7.62695e-07
-1.98584e-06
3.23047e-06
2.15283e-06
2.41064e-06
-1.62549e-06
-3.26172e-07
-1.3208e-06
4.02002e-06
1.4375e-06
5.61035e-07
1.39063e-06
-7.03125e-07
1.90918e-06
2.59814e-06
2.36377e-06
-3.42334e-06
4.95605e-07
-1.38184e-07
-3.32471e-06
-4.3457e-07
1.90283e-06
-9.41895e-07
-2.33936e-06
1.71045e-06
2.57813e-06
3.26367e-06
-2.8623e-06
1.45898e-06
1.96875e-06
6.66992e-07
-2.44629e-06
-3.37109e-06
-1.10742e-06
-3.28467e-06
7.26563e-07
-2.33252e-06
-2.83252e-06
-7.73438e-07
-7.84668e-07
-8.66211e-07
-1.80664e-08
-3.86963e-06
-1.7915e-06
-4.13086e-07
2.26562e-06
1.61523e-06
-2.36426e-06
9.56543e-07
-6.81152e-07
1.35205e-06
2.42676e-06
3.54297e-06
7.12891e-08
1.64111e-06
2.62305e-06
-1.6123e-06
-1.43555e-06
-1.47607e-06
-7.33887e-07
-3.83838e-06
-1.60156e-07
-2.95801e-06
-1.60254e-06
-7.23145e-07
6.80176e-07
-1.02197e-06
-2.82959e-06
-3.74268e-06
1.23877e-06
-2.14404e-06
-2.26172e-06
2.88574e-06
3.03955e-06
-1.80029e-06
9.95605e-07
1.68457e-07
-4.28174e-06
2.27441e-06
-3.05127e-06
0
-8.30566e-07
-1.54297e-06
-1.37207e-07
7.57324e-07
3.14062e-06
-3.24609e-06
8.55957e-07
2.18799e-06
-1.87939e-06
-7.16797e-07
3.04639e-06
-2.84863e-06
1.85693e-06
-2.7251e-06
3.66406e-06
1.13623e-06
3.3208e-06
-3.04102e-06
-3.31982e-06
-2.14502e-06
-3.146e-06
-3.22754e-07
2.69531e-06
2.27881e-06
-3.20166e-06
-1.1167e-06
-2.7251e-06
-3.02686e-06
2.97803e-06
-1.59863e-06
3.50195e-06
3.91602e-07
2.69971e-06
1.6748e-07
-1.20508e-06
3.58203e-06
-2.35938e-06
2.22949e-06
4.60449e-07
-1.6665e-06
1.84863e-06
1.74707e-06
-3.60059e-06
4.35059e-07
-2.03418e-06
2.62109e-06
-2.4873e-06
-2.72998e-06
2.26367e-06
3.23486e-06
-4.45801e-07
-7.7832e-07
1.60791e-06
-1.5459e-06
-2.23975e-06
-1.10303e-06
2.23486e-06
1.51514e-06
2.73779e-06
6.44043e-07
2.23389e-06
1.24854e-06
-1.94141e-06
1.66406e-06
-1.82324e-06
3.22607e-06
-3.70557e-06
1.64063e-06
-3.25293e-06
2.43164e-07
-1.75928e-06
7.39746e-07
1.48145e-06
2.83643e-06
1.5459e-06
-2.01953e-06
-3.48926e-06
5.07324e-07
3.71143e-06
2.86426e-06
1.33643e-06
3.49854e-06
-3.5376e-06
-1.42578e-07
-3.83398e-06
-2.61182e-06
-1.73486e-06
-2.46191e-06
5.77637e-07
4.125e-06
-2.70801e-06
2.70801e-06
1.85547e-06
1.0498e-07
-1.80225e-06
5.04395e-07
-1.86328e-06
-5.34668e-07
2.23145e-06
-4.53125e-07
-2.21777e-06
-2.32129e-06
-1.02246e-06
1.41992e-06
1.17676e-07
1.44141e-06
5.0293e-07
-2.95654e-06
2.43359e-06
2.15576e-06
-2.04883e-06
1.19043e-06
-1.64404e-06
-1.81641e-07
2.68945e-06
1.08105e-06
7.34375e-07
3.39062e-06
5.32227e-07
2.52979e-06
8.65723e-07
2.8125e-07
-2.11182e-06
4.27734e-07
-1.61768e-06
-5.06836e-07
1.87207e-06
-2.99854e-06
2.25195e-06
1.47656e-06
2.4165e-06
-1.4458e-06
-3.69141e-07
-8.71094e-07
1.60156e-07
-3.79297e-06
-9.89258e-07
3.05371e-06
-2.81104e-06
1.78711e-06
-2.92822e-06
3.41357e-06
3.03613e-06
3.05127e-06
-5.85938e-08
1.81836e-06
5.35156e-07
2.20361e-06
6.76758e-07
-3.56299e-06
-1.40381e-06
7.32422e-09
-2.47656e-06
2.56348e-07
3.05908e-06
3.78467e-06
-2.71387e-06
-3.32471e-06
8.05176e-07
-2.10059e-06
-3.55957e-06
2.91064e-06
1.9043e-06
9.03809e-07
7.62207e-07
-3.29687e-06
-1.79102e-06
5.03418e-07
-1.18994e-06
-2.01807e-06
1.87207e-06
2.07471e-06
3.44287e-06
-1.4292e-06
9.40918e-07
-2.48193e-06
2.78467e-06
-2.92383e-06
-2.125e-06
1.77539e-06
3.37158e-06
1.25781e-06
6.57715e-07
1.65527e-07
-6.24512e-07
-1.11816e-06
-7.21191e-07
3.16064e-06
-3.13721e-06
1.23828e-06
-4.00684e-06
2.98047e-06
-2.72314e-06
2.73535e-06
2.06201e-06
-1.77832e-06
1.80859e-06
-4.71191e-07
2.97656e-06
3.85791e-06
-4.91699e-07
-2.10742e-06
-1.65381e-06
-3.4248e-06
2.54443e-06
-3.29883e-06
-3.60352e-07
2.43652e-06
3.79785e-06
-2.19971e-06
4.08691e-07
1.07031e-06
2.49121e-06
2.74805e-06
1.91748e-06
7.61719e-08
-1.69922e-06
-1.33203e-06
-3.75e-07
-1.38086e-06
1.72705e-06
2.7666e-06
3.18506e-06
-1.19971e-06
2.68896e-06
-2.58984e-06
4.05273e-08
2.76855e-06
2.78271e-06
2.90088e-06
-3.31787e-06
-2.42627e-06
1.13477e-06
2.92432e-06
5.01465e-07
5.46875e-08
-3.48633e-06
-9.33105e-07
1.82935e-06
-2.08398e-06
1.70068e-06
-1.14575e-06
9.35791e-07
-3.83789e-07
-9.89502e-07
1.41895e-06
-3.02246e-07
1.14722e-06
-1.19116e-06
-1.83179e-06
-1.73315e-06
1.96094e-06
-1.1521e-06
-1.21606e-06
-1.81885e-06
-5.4834e-07
-1.62183e-06
-6.27197e-07
-5.96436e-07
-1.56152e-06
1.26025e-06
-6.07178e-07
-1.95801e-07
1.01831e-06
-1.25562e-06
-6.78955e-07
-2.17188e-06
-1.02515e-06
8.41064e-07
-1.22803e-07
1.16309e-06
3.34473e-07
-1.9729e-06
1.69141e-06
-2.95654e-07
-1.11304e-06
4.30908e-07
1.71313e-06
4.81201e-07
-1.70264e-06
1.72388e-06
2.49512e-07
-1.92871e-07
-1.20715e-06
6.02783e-07
-8.11035e-07
-7.74536e-07
-1.15039e-06
1.9873e-07
7.80762e-07
-7.1106e-07
-6.76147e-07
9.49341e-07
1.41455e-06
-8.46069e-07
5.55603e-07
5.63599e-07
-0.00535883
-0.00407879
-0.00285361
-0.00241253
-0.0023377
-0.00241881
-0.00252576
-0.00259564
-0.00260218
-0.00254238
-0.00242499
-0.002263
-0.00206976
-0.00185706
-0.00163501
-0.00141192
-0.00119422
-0.000986885
-0.000794181
-0.000618657
-0.000462661
-0.000327302
-0.000212795
-0.000118702
-4.39428e-05
1.31424e-05
5.45326e-05
8.24293e-05
9.91113e-05
0.000106817
0.000107632
0.000103445
9.58727e-05
8.62647e-05
7.56889e-05
6.49558e-05
5.46444e-05
4.51377e-05
3.66556e-05
2.92944e-05
2.30579e-05
1.78862e-05
1.36811e-05
1.03236e-05
7.68793e-06
5.65199e-06
4.1033e-06
2.94249e-06
2.08473e-06
1.45959e-06
1.01008e-06
6.91093e-07
4.67634e-07
3.1307e-07
2.07481e-07
1.36227e-07
8.8712e-08
5.73957e-08
3.69899e-08
2.38415e-08
1.54613e-08
1.01741e-08
6.86462e-09
4.79731e-09
3.49179e-09
2.63874e-09
2.04385e-09
1.59076e-09
1.21585e-09
8.9045e-10
6.07469e-10
3.71084e-10
1.88825e-10
6.60822e-11
2.49909e-12
-3.24297e-12
7.9679e-13
2.32596e-12
2.95487e-12
2.61405e-12
1.93102e-12
2.44425e-12
2.83154e-11
1.47115e-10
4.10819e-10
8.59732e-10
1.53332e-09
2.46504e-09
3.68032e-09
5.19551e-09
7.01825e-09
9.14851e-09
1.15811e-08
1.4307e-08
1.73176e-08
2.0603e-08
2.41597e-08
2.79804e-08
3.20722e-08
3.64237e-08
4.10581e-08
4.5948e-08
5.11079e-08
