   9.9997521e+01
   9.9997503e+01
   9.9997484e+01
   9.9997465e+01
   9.9997446e+01
   9.9997427e+01
   9.9997407e+01
   9.9997388e+01
   9.9997368e+01
   9.9997348e+01
   9.9997328e+01
   9.9997308e+01
   9.9997288e+01
   9.9997267e+01
   9.9997247e+01
   9.9997226e+01
   9.9997205e+01
   9.9997184e+01
   9.9997163e+01
   9.9997142e+01
   9.9997120e+01
   9.9997098e+01
   9.9997077e+01
   9.9997055e+01
   9.9997032e+01
   9.9997010e+01
   9.9996988e+01
   9.9996965e+01
   9.9996942e+01
   9.9996919e+01
   9.9996896e+01
   9.9996872e+01
   9.9996849e+01
   9.9996825e+01
   9.9996801e+01
   9.9996777e+01
   9.9996753e+01
   9.9996728e+01
   9.9996704e+01
   9.9996679e+01
   9.9996654e+01
   9.9996629e+01
   9.9996603e+01
   9.9996578e+01
   9.9996552e+01
   9.9996526e+01
   9.9996500e+01
   9.9996474e+01
   9.9996447e+01
   9.9996420e+01
   9.9996393e+01
   9.9996366e+01
   9.9996339e+01
   9.9996311e+01
   9.9996284e+01
   9.9996256e+01
   9.9996227e+01
   9.9996199e+01
   9.9996170e+01
   9.9996142e+01
   9.9996113e+01
   9.9996083e+01
   9.9996054e+01
   9.9996024e+01
   9.9995994e+01
   9.9995964e+01
   9.9995934e+01
   9.9995903e+01
   9.9995872e+01
   9.9995841e+01
   9.9995810e+01
   9.9995778e+01
   9.9995746e+01
   9.9995714e+01
   9.9995682e+01
   9.9995650e+01
   9.9995617e+01
   9.9995584e+01
   9.9995551e+01
   9.9995517e+01
   9.9995483e+01
   9.9995449e+01
   9.9995415e+01
   9.9995381e+01
   9.9995346e+01
   9.9995311e+01
   9.9995276e+01
   9.9995240e+01
   9.9995204e+01
   9.9995168e+01
   9.9995132e+01
   9.9995095e+01
   9.9995058e+01
   9.9995021e+01
   9.9994983e+01
   9.9994946e+01
   9.9994908e+01
   9.9994869e+01
   9.9994831e+01
   9.9994792e+01
   9.9994752e+01
   9.9994713e+01
   9.9994673e+01
   9.9994633e+01
   9.9994593e+01
   9.9994552e+01
   9.9994511e+01
   9.9994470e+01
   9.9994428e+01
   9.9994386e+01
   9.9994344e+01
   9.9994301e+01
   9.9994258e+01
   9.9994215e+01
   9.9994172e+01
   9.9994128e+01
   9.9994083e+01
   9.9994039e+01
   9.9993994e+01
   9.9993949e+01
   9.9993903e+01
   9.9993857e+01
   9.9993811e+01
   9.9993765e+01
   9.9993718e+01
   9.9993670e+01
   9.9993623e+01
   9.9993575e+01
   9.9993526e+01
   9.9993478e+01
   9.9993428e+01
   9.9993379e+01
   9.9993329e+01
   9.9993279e+01
   9.9993228e+01
   9.9993177e+01
   9.9993126e+01
   9.9993074e+01
   9.9993022e+01
   9.9992970e+01
   9.9992917e+01
   9.9992863e+01
   9.9992810e+01
   9.9992755e+01
   9.9992701e+01
   9.9992646e+01
   9.9992591e+01
   9.9992535e+01
   9.9992479e+01
   9.9992422e+01
   9.9992365e+01
   9.9992307e+01
   9.9992250e+01
   9.9992191e+01
   9.9992132e+01
   9.9992073e+01
   9.9992013e+01
   9.9991953e+01
   9.9991893e+01
   9.9991832e+01
   9.9991770e+01
   9.9991708e+01
   9.9991646e+01
   9.9991583e+01
   9.9991520e+01
   9.9991456e+01
   9.9991391e+01
   9.9991327e+01
   9.9991261e+01
   9.9991196e+01
   9.9991129e+01
   9.9991063e+01
   9.9990995e+01
   9.9990927e+01
   9.9990859e+01
   9.9990790e+01
   9.9990721e+01
   9.9990651e+01
   9.9990581e+01
   9.9990510e+01
   9.9990438e+01
   9.9990366e+01
   9.9990294e+01
   9.9990221e+01
   9.9990147e+01
   9.9990073e+01
   9.9989998e+01
   9.9989923e+01
   9.9989847e+01
   9.9989771e+01
   9.9989694e+01
   9.9989616e+01
   9.9989538e+01
   9.9989459e+01
   9.9989380e+01
   9.9989300e+01
   9.9989219e+01
   9.9989138e+01
   9.9989056e+01
   9.9988974e+01
   9.9988891e+01
   9.9988807e+01
   9.9988723e+01
   9.9988638e+01
   9.9988553e+01
   9.9988467e+01
   9.9988380e+01
   9.9988292e+01
   9.9988204e+01
   9.9988115e+01
   9.9988026e+01
   9.9987936e+01
   9.9987845e+01
   9.9987753e+01
   9.9987661e+01
   9.9987568e+01
   9.9987475e+01
   9.9987380e+01
   9.9987285e+01
   9.9987190e+01
   9.9987093e+01
   9.9986996e+01
   9.9986898e+01
   9.9986799e+01
   9.9986700e+01
   9.9986600e+01
   9.9986499e+01
   9.9986397e+01
   9.9986295e+01
   9.9986192e+01
   9.9986088e+01
   9.9985983e+01
   9.9985878e+01
   9.9985771e+01
   9.9985664e+01
   9.9985556e+01
   9.9985448e+01
   9.9985338e+01
   9.9985228e+01
   9.9985116e+01
   9.9985004e+01
   9.9984892e+01
   9.9984778e+01
   9.9984663e+01
   9.9984548e+01
   9.9984431e+01
   9.9984314e+01
   9.9984196e+01
   9.9984077e+01
   9.9983957e+01
   9.9983837e+01
   9.9983715e+01
   9.9983592e+01
   9.9983469e+01
   9.9983344e+01
   9.9983219e+01
   9.9983093e+01
   9.9982965e+01
   9.9982837e+01
   9.9982708e+01
   9.9982578e+01
   9.9982446e+01
   9.9982314e+01
   9.9982181e+01
   9.9982047e+01
   9.9981912e+01
   9.9981776e+01
   9.9981639e+01
   9.9981500e+01
   9.9981361e+01
   9.9981221e+01
   9.9981079e+01
   9.9980937e+01
   9.9980793e+01
   9.9980649e+01
   9.9980503e+01
   9.9980356e+01
   9.9980208e+01
   9.9980059e+01
   9.9979909e+01
   9.9979758e+01
   9.9979606e+01
   9.9979452e+01
   9.9979297e+01
   9.9979142e+01
   9.9978985e+01
   9.9978826e+01
   9.9978667e+01
   9.9978506e+01
   9.9978345e+01
   9.9978182e+01
   9.9978017e+01
   9.9977852e+01
   9.9977685e+01
   9.9977517e+01
   9.9977348e+01
   9.9977177e+01
   9.9977005e+01
   9.9976832e+01
   9.9976658e+01
   9.9976482e+01
   9.9976305e+01
   9.9976127e+01
   9.9975947e+01
   9.9975766e+01
   9.9975584e+01
   9.9975400e+01
   9.9975215e+01
   9.9975028e+01
   9.9974840e+01
   9.9974651e+01
   9.9974460e+01
   9.9974267e+01
   9.9974074e+01
   9.9973879e+01
   9.9973682e+01
   9.9973484e+01
   9.9973284e+01
   9.9973083e+01
   9.9972880e+01
   9.9972676e+01
   9.9972471e+01
   9.9972263e+01
   9.9972055e+01
   9.9971844e+01
   9.9971632e+01
   9.9971419e+01
   9.9971203e+01
   9.9970987e+01
   9.9970768e+01
   9.9970548e+01
   9.9970326e+01
   9.9970103e+01
   9.9969878e+01
   9.9969651e+01
   9.9969423e+01
   9.9969193e+01
   9.9968961e+01
   9.9968727e+01
   9.9968492e+01
   9.9968254e+01
   9.9968015e+01
   9.9967775e+01
   9.9967532e+01
   9.9967288e+01
   9.9967041e+01
   9.9966793e+01
   9.9966543e+01
   9.9966291e+01
   9.9966038e+01
   9.9965782e+01
   9.9965524e+01
   9.9965265e+01
   9.9965003e+01
   9.9964740e+01
   9.9964474e+01
   9.9964207e+01
   9.9963937e+01
   9.9963666e+01
   9.9963392e+01
   9.9963117e+01
   9.9962839e+01
   9.9962559e+01
   9.9962278e+01
   9.9961994e+01
   9.9961707e+01
   9.9961419e+01
   9.9961129e+01
   9.9960836e+01
   9.9960541e+01
   9.9960244e+01
   9.9959945e+01
   9.9959643e+01
   9.9959340e+01
   9.9959033e+01
   9.9958725e+01
   9.9958414e+01
   9.9958101e+01
   9.9957786e+01
   9.9957468e+01
   9.9957148e+01
   9.9956825e+01
   9.9956500e+01
   9.9956173e+01
   9.9955843e+01
   9.9955510e+01
   9.9955175e+01
   9.9954838e+01
   9.9954498e+01
   9.9954155e+01
   9.9953810e+01
   9.9953463e+01
   9.9953112e+01
   9.9952759e+01
   9.9952404e+01
   9.9952045e+01
   9.9951684e+01
   9.9951321e+01
   9.9950954e+01
   9.9950585e+01
   9.9950213e+01
   9.9949838e+01
   9.9949460e+01
   9.9949080e+01
   9.9948697e+01
   9.9948310e+01
   9.9947921e+01
   9.9947529e+01
   9.9947134e+01
   9.9946736e+01
   9.9946335e+01
   9.9945931e+01
   9.9945524e+01
   9.9945114e+01
   9.9944701e+01
   9.9944285e+01
   9.9943865e+01
   9.9943443e+01
   9.9943017e+01
   9.9942588e+01
   9.9942156e+01
   9.9941720e+01
   9.9941281e+01
   9.9940839e+01
   9.9940394e+01
   9.9939945e+01
   9.9939493e+01
   9.9939038e+01
   9.9938579e+01
   9.9938116e+01
   9.9937651e+01
   9.9937181e+01
   9.9936708e+01
   9.9936232e+01
   9.9935752e+01
   9.9935268e+01
   9.9934781e+01
   9.9934290e+01
   9.9933795e+01
   9.9933297e+01
   9.9932794e+01
   9.9932289e+01
   9.9931779e+01
   9.9931265e+01
   9.9930748e+01
   9.9930226e+01
   9.9929701e+01
   9.9929172e+01
   9.9928639e+01
   9.9928102e+01
   9.9927560e+01
   9.9927015e+01
   9.9926465e+01
   9.9925912e+01
   9.9925354e+01
   9.9924792e+01
   9.9924226e+01
   9.9923656e+01
   9.9923081e+01
   9.9922502e+01
   9.9921918e+01
   9.9921331e+01
   9.9920738e+01
   9.9920142e+01
   9.9919540e+01
   9.9918935e+01
   9.9918324e+01
   9.9917710e+01
   9.9917090e+01
   9.9916466e+01
   9.9915837e+01
   9.9915203e+01
   9.9914565e+01
   9.9913922e+01
   9.9913274e+01
   9.9912621e+01
   9.9911963e+01
   9.9911300e+01
   9.9910633e+01
   9.9909960e+01
   9.9909282e+01
   9.9908599e+01
   9.9907911e+01
   9.9907218e+01
   9.9906519e+01
   9.9905816e+01
   9.9905106e+01
   9.9904392e+01
   9.9903672e+01
   9.9902947e+01
   9.9902217e+01
   9.9901480e+01
   9.9900739e+01
   9.9899991e+01
   9.9899239e+01
   9.9898480e+01
   9.9897716e+01
   9.9896946e+01
   9.9896170e+01
   9.9895388e+01
   9.9894601e+01
   9.9893807e+01
   9.9893008e+01
   9.9892202e+01
   9.9891391e+01
   9.9890573e+01
   9.9889749e+01
   9.9888919e+01
   9.9888083e+01
   9.9887241e+01
   9.9886392e+01
   9.9885537e+01
   9.9884675e+01
   9.9883807e+01
   9.9882932e+01
   9.9882051e+01
   9.9881163e+01
   9.9880268e+01
   9.9879367e+01
   9.9878459e+01
   9.9877544e+01
   9.9876622e+01
   9.9875693e+01
   9.9874757e+01
   9.9873814e+01
   9.9872864e+01
   9.9871907e+01
   9.9870943e+01
   9.9869971e+01
   9.9868992e+01
   9.9868006e+01
   9.9867012e+01
   9.9866011e+01
   9.9865003e+01
   9.9863986e+01
   9.9862962e+01
   9.9861931e+01
   9.9860891e+01
   9.9859844e+01
   9.9858789e+01
   9.9857726e+01
   9.9856655e+01
   9.9855576e+01
   9.9854488e+01
   9.9853393e+01
   9.9852289e+01
   9.9851177e+01
   9.9850057e+01
   9.9848928e+01
   9.9847791e+01
   9.9846645e+01
   9.9845491e+01
   9.9844327e+01
   9.9843155e+01
   9.9841975e+01
   9.9840785e+01
   9.9839586e+01
   9.9838379e+01
   9.9837162e+01
   9.9835936e+01
   9.9834701e+01
   9.9833457e+01
   9.9832203e+01
   9.9830940e+01
   9.9829667e+01
   9.9828385e+01
   9.9827093e+01
   9.9825791e+01
   9.9824480e+01
   9.9823158e+01
   9.9821827e+01
   9.9820486e+01
   9.9819134e+01
   9.9817773e+01
   9.9816401e+01
   9.9815019e+01
   9.9813626e+01
   9.9812223e+01
   9.9810809e+01
   9.9809385e+01
   9.9807950e+01
   9.9806504e+01
   9.9805048e+01
   9.9803580e+01
   9.9802101e+01
   9.9800611e+01
   9.9799110e+01
   9.9797598e+01
   9.9796074e+01
   9.9794539e+01
   9.9792992e+01
   9.9791434e+01
   9.9789864e+01
   9.9788282e+01
   9.9786688e+01
   9.9785082e+01
   9.9783464e+01
   9.9781834e+01
   9.9780192e+01
   9.9778537e+01
   9.9776870e+01
   9.9775190e+01
   9.9773498e+01
   9.9771793e+01
   9.9770075e+01
   9.9768344e+01
   9.9766600e+01
   9.9764843e+01
   9.9763072e+01
   9.9761289e+01
   9.9759492e+01
   9.9757681e+01
   9.9755857e+01
   9.9754019e+01
   9.9752167e+01
   9.9750301e+01
   9.9748421e+01
   9.9746528e+01
   9.9744619e+01
   9.9742697e+01
   9.9740760e+01
   9.9738808e+01
   9.9736842e+01
   9.9734861e+01
   9.9732865e+01
   9.9730854e+01
   9.9728827e+01
   9.9726786e+01
   9.9724729e+01
   9.9722657e+01
   9.9720569e+01
   9.9718465e+01
   9.9716346e+01
   9.9714211e+01
   9.9712059e+01
   9.9709891e+01
   9.9707707e+01
   9.9705507e+01
   9.9703290e+01
   9.9701056e+01
   9.9698806e+01
   9.9696538e+01
   9.9694254e+01
   9.9691952e+01
   9.9689633e+01
   9.9687297e+01
   9.9684942e+01
   9.9682571e+01
   9.9680181e+01
   9.9677773e+01
   9.9675348e+01
   9.9672903e+01
   9.9670441e+01
   9.9667960e+01
   9.9665460e+01
   9.9662942e+01
   9.9660404e+01
   9.9657848e+01
   9.9655272e+01
   9.9652677e+01
   9.9650062e+01
   9.9647428e+01
   9.9644774e+01
   9.9642099e+01
   9.9639405e+01
   9.9636690e+01
   9.9633955e+01
   9.9631200e+01
   9.9628423e+01
   9.9625626e+01
   9.9622808e+01
   9.9619968e+01
   9.9617107e+01
   9.9614225e+01
   9.9611320e+01
   9.9608394e+01
   9.9605446e+01
   9.9602476e+01
   9.9599483e+01
   9.9596468e+01
   9.9593430e+01
   9.9590370e+01
   9.9587286e+01
   9.9584179e+01
   9.9581048e+01
   9.9577895e+01
   9.9574717e+01
   9.9571515e+01
   9.9568289e+01
   9.9565039e+01
   9.9561765e+01
   9.9558466e+01
   9.9555142e+01
   9.9551793e+01
   9.9548419e+01
   9.9545019e+01
   9.9541594e+01
   9.9538143e+01
   9.9534666e+01
   9.9531163e+01
   9.9527633e+01
   9.9524077e+01
   9.9520495e+01
   9.9516885e+01
   9.9513248e+01
   9.9509583e+01
   9.9505891e+01
   9.9502172e+01
   9.9498424e+01
   9.9494648e+01
   9.9490844e+01
   9.9487011e+01
   9.9483149e+01
   9.9479258e+01
   9.9475337e+01
   9.9471388e+01
   9.9467408e+01
   9.9463399e+01
   9.9459359e+01
   9.9455289e+01
   9.9451188e+01
   9.9447057e+01
   9.9442894e+01
   9.9438700e+01
   9.9434475e+01
   9.9430217e+01
   9.9425928e+01
   9.9421606e+01
   9.9417252e+01
   9.9412865e+01
   9.9408445e+01
   9.9403991e+01
   9.9399504e+01
   9.9394984e+01
   9.9390429e+01
   9.9385840e+01
   9.9381217e+01
   9.9376558e+01
   9.9371865e+01
   9.9367136e+01
   9.9362372e+01
   9.9357572e+01
   9.9352735e+01
   9.9347863e+01
   9.9342953e+01
   9.9338007e+01
   9.9333023e+01
   9.9328002e+01
   9.9322943e+01
   9.9317846e+01
   9.9312711e+01
   9.9307537e+01
   9.9302324e+01
   9.9297071e+01
   9.9291780e+01
   9.9286448e+01
   9.9281076e+01
   9.9275664e+01
   9.9270211e+01
   9.9264717e+01
   9.9259182e+01
   9.9253605e+01
   9.9247986e+01
   9.9242324e+01
   9.9236621e+01
   9.9230874e+01
   9.9225084e+01
   9.9219250e+01
   9.9213372e+01
   9.9207450e+01
   9.9201484e+01
   9.9195472e+01
   9.9189416e+01
   9.9183314e+01
   9.9177165e+01
   9.9170971e+01
   9.9164730e+01
   9.9158442e+01
   9.9152106e+01
   9.9145723e+01
   9.9139292e+01
   9.9132812e+01
   9.9126284e+01
   9.9119707e+01
   9.9113080e+01
   9.9106403e+01
   9.9099675e+01
   9.9092898e+01
   9.9086069e+01
   9.9079189e+01
   9.9072257e+01
   9.9065272e+01
   9.9058235e+01
   9.9051146e+01
   9.9044003e+01
   9.9036806e+01
   9.9029554e+01
   9.9022249e+01
   9.9014888e+01
   9.9007472e+01
   9.9000000e+01
   9.8992472e+01
   9.8984887e+01
   9.8977245e+01
   9.8969545e+01
   9.8961788e+01
   9.8953972e+01
   9.8946097e+01
   9.8938163e+01
   9.8930170e+01
   9.8922116e+01
   9.8914001e+01
   9.8905826e+01
   9.8897589e+01
   9.8889289e+01
   9.8880928e+01
   9.8872503e+01
   9.8864015e+01
   9.8855463e+01
   9.8846847e+01
   9.8838166e+01
   9.8829419e+01
   9.8820607e+01
   9.8811728e+01
   9.8802783e+01
   9.8793770e+01
   9.8784689e+01
   9.8775540e+01
   9.8766322e+01
   9.8757035e+01
   9.8747677e+01
   9.8738250e+01
   9.8728751e+01
   9.8719181e+01
   9.8709538e+01
   9.8699824e+01
   9.8690036e+01
   9.8680174e+01
   9.8670238e+01
   9.8660227e+01
   9.8650141e+01
   9.8639979e+01
   9.8629741e+01
   9.8619425e+01
   9.8609032e+01
   9.8598560e+01
   9.8588010e+01
   9.8577380e+01
   9.8566671e+01
   9.8555880e+01
   9.8545009e+01
   9.8534055e+01
   9.8523019e+01
   9.8511900e+01
   9.8500697e+01
   9.8489410e+01
   9.8478038e+01
   9.8466581e+01
   9.8455037e+01
   9.8443406e+01
   9.8431688e+01
   9.8419881e+01
   9.8407986e+01
   9.8396001e+01
   9.8383926e+01
   9.8371759e+01
   9.8359502e+01
   9.8347152e+01
   9.8334709e+01
   9.8322172e+01
   9.8309541e+01
   9.8296815e+01
   9.8283993e+01
   9.8271075e+01
   9.8258059e+01
   9.8244945e+01
   9.8231733e+01
   9.8218421e+01
   9.8205009e+01
   9.8191496e+01
   9.8177881e+01
   9.8164164e+01
   9.8150343e+01
   9.8136419e+01
   9.8122389e+01
   9.8108254e+01
   9.8094013e+01
   9.8079664e+01
   9.8065208e+01
   9.8050642e+01
   9.8035967e+01
   9.8021181e+01
   9.8006284e+01
   9.7991275e+01
   9.7976153e+01
   9.7960917e+01
   9.7945567e+01
   9.7930101e+01
   9.7914518e+01
   9.7898818e+01
   9.7883000e+01
   9.7867063e+01
   9.7851006e+01
   9.7834828e+01
   9.7818528e+01
   9.7802105e+01
   9.7785559e+01
   9.7768888e+01
   9.7752092e+01
   9.7735169e+01
   9.7718119e+01
   9.7700941e+01
   9.7683633e+01
   9.7666195e+01
   9.7648626e+01
   9.7630924e+01
   9.7613089e+01
   9.7595120e+01
   9.7577016e+01
   9.7558775e+01
   9.7540397e+01
   9.7521881e+01
   9.7503225e+01
   9.7484429e+01
   9.7465491e+01
   9.7446411e+01
   9.7427187e+01
   9.7407818e+01
   9.7388304e+01
   9.7368642e+01
   9.7348833e+01
   9.7328874e+01
   9.7308766e+01
   9.7288505e+01
   9.7268093e+01
   9.7247526e+01
   9.7226805e+01
   9.7205928e+01
   9.7184894e+01
   9.7163701e+01
   9.7142349e+01
   9.7120836e+01
   9.7099161e+01
   9.7077323e+01
   9.7055320e+01
   9.7033152e+01
   9.7010817e+01
   9.6988314e+01
   9.6965642e+01
   9.6942798e+01
   9.6919783e+01
   9.6896595e+01
   9.6873232e+01
   9.6849693e+01
   9.6825977e+01
   9.6802082e+01
   9.6778007e+01
   9.6753752e+01
   9.6729313e+01
   9.6704691e+01
   9.6679883e+01
   9.6654889e+01
   9.6629706e+01
   9.6604334e+01
   9.6578770e+01
   9.6553015e+01
   9.6527065e+01
   9.6500920e+01
   9.6474579e+01
   9.6448038e+01
   9.6421299e+01
   9.6394357e+01
   9.6367213e+01
   9.6339865e+01
   9.6312311e+01
   9.6284549e+01
   9.6256579e+01
   9.6228397e+01
   9.6200004e+01
   9.6171397e+01
   9.6142574e+01
   9.6113535e+01
   9.6084277e+01
   9.6054799e+01
   9.6025098e+01
   9.5995175e+01
   9.5965025e+01
   9.5934649e+01
   9.5904045e+01
   9.5873209e+01
   9.5842142e+01
   9.5810841e+01
   9.5779304e+01
   9.5747530e+01
   9.5715517e+01
   9.5683262e+01
   9.5650765e+01
   9.5618023e+01
   9.5585035e+01
   9.5551798e+01
   9.5518311e+01
   9.5484572e+01
   9.5450579e+01
   9.5416330e+01
   9.5381823e+01
   9.5347057e+01
   9.5312028e+01
   9.5276736e+01
   9.5241179e+01
   9.5205353e+01
   9.5169258e+01
   9.5132892e+01
   9.5096251e+01
   9.5059335e+01
   9.5022140e+01
   9.4984666e+01
   9.4946910e+01
   9.4908869e+01
   9.4870542e+01
   9.4831926e+01
   9.4793020e+01
   9.4753821e+01
   9.4714327e+01
   9.4674535e+01
   9.4634444e+01
   9.4594051e+01
   9.4553354e+01
   9.4512351e+01
   9.4471039e+01
   9.4429415e+01
   9.4387479e+01
   9.4345227e+01
   9.4302657e+01
   9.4259766e+01
   9.4216552e+01
   9.4173013e+01
   9.4129147e+01
   9.4084950e+01
   9.4040420e+01
   9.3995555e+01
   9.3950353e+01
   9.3904810e+01
   9.3858924e+01
   9.3812693e+01
   9.3766113e+01
   9.3719183e+01
   9.3671900e+01
   9.3624261e+01
   9.3576263e+01
   9.3527904e+01
   9.3479181e+01
   9.3430091e+01
   9.3380631e+01
   9.3330799e+01
   9.3280592e+01
   9.3230007e+01
   9.3179042e+01
   9.3127692e+01
   9.3075956e+01
   9.3023830e+01
   9.2971312e+01
   9.2918399e+01
   9.2865087e+01
   9.2811374e+01
   9.2757257e+01
   9.2702732e+01
   9.2647797e+01
   9.2592448e+01
   9.2536683e+01
   9.2480497e+01
   9.2423889e+01
   9.2366855e+01
   9.2309391e+01
   9.2251494e+01
   9.2193162e+01
   9.2134391e+01
   9.2075177e+01
   9.2015517e+01
   9.1955409e+01
   9.1894847e+01
   9.1833830e+01
   9.1772354e+01
   9.1710414e+01
   9.1648009e+01
   9.1585133e+01
   9.1521784e+01
   9.1457959e+01
   9.1393653e+01
   9.1328862e+01
   9.1263584e+01
   9.1197815e+01
   9.1131550e+01
   9.1064787e+01
   9.0997521e+01
   9.0929748e+01
   9.0861466e+01
   9.0792669e+01
   9.0723355e+01
   9.0653518e+01
   9.0583156e+01
   9.0512264e+01
   9.0440839e+01
   9.0368875e+01
   9.0296370e+01
   9.0223320e+01
   9.0149719e+01
   9.0075564e+01
   9.0000851e+01
   8.9925575e+01
   8.9849733e+01
   8.9773320e+01
   8.9696331e+01
   8.9618763e+01
   8.9540611e+01
   8.9461871e+01
   8.9382538e+01
   8.9302608e+01
   8.9222076e+01
   8.9140937e+01
   8.9059188e+01
   8.8976824e+01
   8.8893839e+01
   8.8810230e+01
   8.8725991e+01
   8.8641118e+01
   8.8555606e+01
   8.8469450e+01
   8.8382646e+01
   8.8295188e+01
   8.8207072e+01
   8.8118293e+01
   8.8028845e+01
   8.7938724e+01
   8.7847924e+01
   8.7756441e+01
   8.7664269e+01
   8.7571403e+01
   8.7477838e+01
   8.7383569e+01
   8.7288590e+01
   8.7192896e+01
   8.7096482e+01
   8.6999342e+01
   8.6901470e+01
   8.6802862e+01
   8.6703511e+01
   8.6603413e+01
   8.6502561e+01
   8.6400949e+01
   8.6298573e+01
   8.6195426e+01
   8.6091502e+01
   8.5986796e+01
   8.5881302e+01
   8.5775014e+01
   8.5667925e+01
   8.5560031e+01
   8.5451324e+01
   8.5341799e+01
   8.5231449e+01
   8.5120268e+01
   8.5008251e+01
   8.4895390e+01
   8.4781679e+01
   8.4667113e+01
   8.4551684e+01
   8.4435386e+01
   8.4318213e+01
   8.4200157e+01
   8.4081213e+01
   8.3961373e+01
   8.3840631e+01
   8.3718980e+01
   8.3596413e+01
   8.3472924e+01
   8.3348505e+01
   8.3223149e+01
   8.3096850e+01
   8.2969600e+01
   8.2841392e+01
   8.2712218e+01
   8.2582072e+01
   8.2450947e+01
   8.2318834e+01
   8.2185727e+01
   8.2051617e+01
   8.1916499e+01
   8.1780362e+01
   8.1643201e+01
   8.1505008e+01
   8.1365774e+01
   8.1225492e+01
   8.1084154e+01
   8.0941751e+01
   8.0798277e+01
   8.0653723e+01
   8.0508080e+01
   8.0361341e+01
   8.0213498e+01
   8.0064541e+01
   7.9914463e+01
   7.9763255e+01
   7.9610909e+01
   7.9457416e+01
   7.9302767e+01
   7.9146955e+01
   7.8989969e+01
   7.8831801e+01
   7.8672443e+01
   7.8511885e+01
   7.8350118e+01
   7.8187134e+01
   7.8022922e+01
   7.7857474e+01
   7.7690781e+01
   7.7522833e+01
   7.7353620e+01
   7.7183134e+01
   7.7011364e+01
   7.6838301e+01
   7.6663935e+01
   7.6488257e+01
   7.6311256e+01
   7.6132922e+01
   7.5953246e+01
   7.5772218e+01
   7.5589826e+01
   7.5406062e+01
   7.5220914e+01
   7.5034372e+01
   7.4846426e+01
   7.4657065e+01
   7.4466278e+01
   7.4274055e+01
   7.4080385e+01
   7.3885258e+01
   7.3688661e+01
   7.3490584e+01
   7.3291016e+01
   7.3089945e+01
   7.2887361e+01
   7.2683252e+01
   7.2477606e+01
   7.2270412e+01
   7.2061658e+01
   7.1851333e+01
   7.1639424e+01
   7.1425920e+01
   7.1210809e+01
   7.0994078e+01
   7.0775716e+01
   7.0555710e+01
   7.0334048e+01
   7.0110717e+01
   6.9885704e+01
   6.9658998e+01
   6.9430585e+01
   6.9200452e+01
   6.8968587e+01
   6.8734977e+01
   6.8499608e+01
   6.8262467e+01
   6.8023540e+01
   6.7782815e+01
   6.7540278e+01
   6.7295915e+01
   6.7049712e+01
   6.6801656e+01
   6.6551732e+01
   6.6299927e+01
   6.6046226e+01
   6.5790616e+01
   6.5533081e+01
   6.5273607e+01
   6.5012180e+01
   6.4748785e+01
   6.4483407e+01
   6.4216031e+01
   6.3946642e+01
   6.3675226e+01
   6.3401766e+01
   6.3126247e+01
   6.2848654e+01
   6.2568971e+01
   6.2287183e+01
   6.2003274e+01
   6.1717227e+01
   6.1429027e+01
   6.1138657e+01
   6.0846101e+01
   6.0551343e+01
   6.0254366e+01
   5.9955153e+01
   5.9653688e+01
   5.9349953e+01
   5.9043931e+01
   5.8735606e+01
   5.8424959e+01
   5.8111974e+01
   5.7796633e+01
   5.7478918e+01
   5.7158811e+01
   5.6836294e+01
   5.6511349e+01
   5.6183958e+01
   5.5854103e+01
   5.5521764e+01
   5.5186923e+01
   5.4849561e+01
   5.4509660e+01
   5.4167200e+01
   5.3822161e+01
   5.3474526e+01
   5.3124273e+01
   5.2771383e+01
   5.2415837e+01
   5.2057614e+01
   5.1696694e+01
   5.1333058e+01
   5.0966683e+01
   5.0597551e+01
   5.0225640e+01
   4.9850928e+01
   4.9473396e+01
   4.9093022e+01
   4.8709785e+01
   4.8323662e+01
   4.7934632e+01
   4.7542674e+01
   4.7147765e+01
   4.6749883e+01
   4.6349006e+01
   4.5945111e+01
   4.5538175e+01
   4.5128176e+01
   4.4715090e+01
   4.4298894e+01
   4.3879565e+01
   4.3457080e+01
   4.3031414e+01
   4.2602543e+01
   4.2170444e+01
   4.1735091e+01
   4.1296462e+01
   4.0854530e+01
   4.0409271e+01
   3.9960661e+01
   3.9508673e+01
   3.9053282e+01
   3.8594464e+01
   3.8132191e+01
   3.7666438e+01
   3.7197179e+01
   3.6724387e+01
   3.6248035e+01
   3.5768098e+01
   3.5284548e+01
   3.4797357e+01
   3.4306499e+01
   3.3811946e+01
   3.3313669e+01
   3.2811641e+01
   3.2305834e+01
   3.1796219e+01
   3.1282768e+01
   3.0765451e+01
   3.0244240e+01
   2.9719105e+01
   2.9190017e+01
   2.8656945e+01
   2.8119861e+01
   2.7578733e+01
   2.7033532e+01
   2.6484226e+01
   2.5930785e+01
   2.5373177e+01
   2.4811372e+01
   2.4245337e+01
   2.3675041e+01
   2.3100452e+01
   2.2521537e+01
   2.1938264e+01
   2.1350600e+01
   2.0758512e+01
   2.0161967e+01
   1.9560930e+01
   1.8955369e+01
   1.8345249e+01
   1.7730536e+01
   1.7111196e+01
   1.6487193e+01
   1.5858492e+01
   1.5225058e+01
   1.4586856e+01
   1.3943849e+01
   1.3296002e+01
   1.2648636e+01
   1.2019865e+01
   1.1410942e+01
   1.0821808e+01
   1.0252228e+01
   9.7021947e+00
   9.1713998e+00
   8.6598803e+00
   8.1672504e+00
   7.6935796e+00
   7.2384029e+00
   6.8018086e+00
   6.3832521e+00
   5.9828287e+00
   5.5999162e+00
   5.2346064e+00
   4.8862048e+00
   4.5547906e+00
   4.2396046e+00
   3.9407060e+00
   3.6572806e+00
   3.3893625e+00
   3.1360939e+00
   2.8974802e+00
   2.6726325e+00
   2.4615263e+00
   2.2632549e+00
   2.0777639e+00
   1.9041422e+00
   1.7423075e+00
   1.5913573e+00
   1.4511843e+00
   1.3209068e+00
   1.2003965e+00
   1.0888036e+00
   9.8598311e-01
   8.9112679e-01
   8.0407756e-01
   7.2407656e-01
   6.5095959e-01
   5.8402283e-01
   5.2309957e-01
   4.6754503e-01
   4.1719415e-01
   3.7146329e-01
   3.3019261e-01
   2.9286009e-01
   2.5931403e-01
   2.2909294e-01
   2.0205552e-01
   1.7779851e-01
   1.5619252e-01
   1.3688921e-01
   1.1977204e-01
   1.0454347e-01
   9.1100169e-02
   7.9190854e-02
   6.8725241e-02
   5.9493467e-02
   5.1417777e-02
   4.4324835e-02
   3.8148598e-02
   3.2747467e-02
   2.8066099e-02
   2.3990083e-02
   2.0473646e-02
   1.7425348e-02
   1.4807814e-02
   1.2548749e-02
   1.0618021e-02
   8.9590854e-03
   7.5479450e-03
   6.3408485e-03
   5.3189167e-03
   4.4486572e-03
   3.7153946e-03
   3.0937621e-03
   2.5724863e-03
   2.1325580e-03
   1.7654184e-03
   1.4569725e-03
   1.2007973e-03
   9.8655192e-04
   8.0947097e-04
   6.6204731e-04
   5.4078564e-04
   4.4029306e-04
   3.5803459e-04
   2.9017662e-04
   2.3490118e-04
   1.8951149e-04
   1.5271824e-04
   1.2264411e-04
   9.8384784e-05
   7.8646978e-05
   6.2803341e-05
   4.9972180e-05
   3.9723033e-05
   3.1461023e-05
   2.4893992e-05
   1.9624726e-05
   1.5457076e-05
   1.2128553e-05
   9.5088829e-06
   7.4263937e-06
   5.7954904e-06
   4.5050532e-06
   3.4994439e-06
   2.7074767e-06
   2.0933705e-06
   1.6119910e-06
   1.2405717e-06
   9.5078930e-07
   7.2831153e-07
   5.5554695e-07
   4.2356812e-07
   3.2156106e-07
   2.4402352e-07
   1.8437587e-07
   1.3926255e-07
   1.0472122e-07
   7.8726951e-08
   5.8917954e-08
   4.4085062e-08
   3.2834893e-08
   2.4452946e-08
   1.8125561e-08
   1.3434938e-08
   9.9107919e-09
   7.3113606e-09
   5.3675951e-09
   3.9410533e-09
   2.8793818e-09
   2.1041260e-09
   1.5298919e-09
   1.1126805e-09
   8.0511569e-10
   5.8277736e-10
   4.1964897e-10
   3.0231710e-10
   2.1664009e-10
   1.5532635e-10
   1.1076713e-10
   7.9039587e-11
   5.6091522e-11
   3.9834208e-11
   2.8131490e-11
   1.9882673e-11
   1.3973094e-11
   9.8286888e-12
   6.8737230e-12
   4.8118712e-12
   3.3487789e-12
   2.3330576e-12
   1.6157400e-12
   1.1202775e-12
   7.7204516e-13
   5.3273367e-13
   3.6533892e-13
   2.5088514e-13
   1.7120920e-13
   1.1700811e-13
   7.9457005e-14
   5.4041730e-14
   3.6518030e-14
   2.4717866e-14
   1.6620679e-14
   1.1195859e-14
   7.4912236e-15
   5.0218641e-15
   3.3436111e-15
   2.2306427e-15
   1.4778632e-15
   9.8118098e-16
   6.4685177e-16
   4.2738463e-16
   2.8036514e-16
   1.8434699e-16
   1.2033410e-16
   7.8740344e-17
   5.1144110e-17
   3.3304240e-17
   2.1524925e-17
   1.3948889e-17
   8.9706459e-18
   5.7851485e-18
   3.7020204e-18
   2.3758623e-18
   1.5128087e-18
   9.6617757e-19
   6.1214794e-19
   3.8906191e-19
   2.4527493e-19
   1.5513284e-19
   9.7313144e-20
   6.1250449e-20
   3.8230389e-20
   2.3945980e-20
   1.4871751e-20
   9.2698157e-21
   5.7283431e-21
   3.5532201e-21
   2.1847759e-21
   1.3485998e-21
   8.2507447e-22
