99.9975
99.9974
99.9974
99.9973
99.9972
99.9971
99.997
99.9969
99.9968
99.9967
99.9967
99.9966
99.9964
99.9963
99.9962
99.9961
99.996
99.9959
99.9957
99.9956
99.9955
99.9953
99.9952
99.9951
99.9949
99.9948
99.9946
99.9944
99.9943
99.9941
99.9939
99.9937
99.9935
99.9933
99.9931
99.9929
99.9927
99.9925
99.9922
99.992
99.9918
99.9915
99.9913
99.991
99.9907
99.9904
99.9902
99.9898
99.9895
99.9892
99.9889
99.9886
99.9882
99.9878
99.9875
99.9871
99.9867
99.9863
99.9859
99.9855
99.985
99.9846
99.9841
99.9836
99.9831
99.9826
99.982
99.9815
99.9809
99.9804
99.9798
99.9791
99.9785
99.9779
99.9772
99.9765
99.9758
99.975
99.9743
99.9735
99.9727
99.9718
99.971
99.9701
99.9692
99.9683
99.9673
99.9663
99.9653
99.9642
99.9631
99.962
99.9608
99.9596
99.9584
99.9571
99.9558
99.9545
99.9531
99.9517
99.9502
99.9487
99.9471
99.9455
99.9439
99.9422
99.9404
99.9386
99.9367
99.9348
99.9328
99.9307
99.9286
99.9265
99.9242
99.9219
99.9195
99.9171
99.9146
99.912
99.9093
99.9065
99.9037
99.9007
99.8977
99.8946
99.8914
99.8881
99.8847
99.8812
99.8775
99.8738
99.87
99.866
99.8619
99.8577
99.8534
99.8489
99.8443
99.8396
99.8347
99.8297
99.8245
99.8191
99.8136
99.808
99.8021
99.7961
99.7899
99.7835
99.7769
99.7701
99.7631
99.7559
99.7484
99.7408
99.7329
99.7247
99.7163
99.7077
99.6988
99.6896
99.6802
99.6704
99.6604
99.6501
99.6394
99.6284
99.6171
99.6054
99.5934
99.581
99.5683
99.5551
99.5416
99.5276
99.5132
99.4984
99.4831
99.4674
99.4512
99.4345
99.4173
99.3995
99.3812
99.3624
99.343
99.3229
99.3023
99.2811
99.2592
99.2366
99.2134
99.1894
99.1647
99.1393
99.1131
99.0861
99.0582
99.0296
99
98.9695
98.9382
98.9058
98.8725
98.8382
98.8028
98.7663
98.7288
98.69
98.6501
98.609
98.5667
98.523
98.478
98.4317
98.3839
98.3347
98.284
98.2317
98.1779
98.1224
98.0652
98.0063
97.9456
97.883
97.8185
97.7521
97.6836
97.6131
97.5404
97.4655
97.3883
97.3088
97.2268
97.1423
97.0553
96.9656
96.8732
96.778
96.6799
96.5788
96.4746
96.3672
96.2566
96.1426
96.0251
95.904
95.7793
95.6508
95.5183
95.3818
95.2412
95.0963
94.9469
94.793
94.6344
94.471
94.3027
94.1292
93.9504
93.7661
93.5763
93.3806
93.179
92.9713
92.7573
92.5367
92.3094
92.0752
91.8338
91.5851
91.3289
91.0648
90.7927
90.5123
90.2233
89.9256
89.6188
89.3026
88.9768
88.6411
88.2952
87.9387
87.5714
87.1929
86.8029
86.4009
85.9868
85.56
85.1203
84.6671
84.2002
83.719
83.2232
82.7122
82.1857
81.6432
81.0842
80.5081
79.9145
79.3028
78.6724
78.0229
77.3536
76.6639
75.9532
75.2209
74.4663
73.6887
72.8874
72.0617
71.2108
70.334
69.4306
68.4996
67.5403
66.5517
65.5331
64.4834
63.4018
62.2872
61.1387
59.9552
58.7356
57.4789
56.184
54.8496
53.4745
52.0576
50.5975
49.093
47.5427
45.9451
44.2989
42.6025
40.8545
39.0533
37.1972
35.2845
33.3137
31.2828
29.19
27.0335
24.8114
22.5215
20.162
17.7305
15.2251
12.6433
10.0756
8.04789
6.30771
4.85054
3.654
2.69658
1.94765
1.37741
0.953823
0.646889
0.430315
0.280491
0.179798
0.11298
0.0700411
0.0425685
0.0256156
0.015107
0.00885398
0.00508245
0.00291009
0.00163043
0.000914482
0.0005013
0.000276076
0.000148395
8.04052e-05
4.24591e-05
2.26739e-05
1.17824e-05
6.21064e-06
3.18054e-06
1.65697e-06
8.3733e-07
4.3163e-07
2.15476e-07
1.10007e-07
5.42954e-08
2.74549e-08
1.33661e-08
6.61086e-09
2.99845e-09
1.06163e-09
0
0
0
0
0
0
0
0
