-5.53223e-07
2.18799e-06
-1.7002e-06
2.04102e-06
-1.84717e-06
1.89404e-06
-9.94141e-07
2.74707e-06
-1.41113e-07
-3.0293e-06
1.71191e-06
-1.17627e-06
3.56494e-06
1.67676e-06
-1.21143e-06
-3.09961e-06
2.6416e-06
7.53418e-07
-1.13477e-06
-3.02295e-06
3.71826e-06
2.83008e-06
9.41895e-07
5.37109e-08
1.65527e-07
-7.22656e-07
-1.61084e-06
-1.49902e-06
-1.38721e-06
-1.27539e-06
-1.16357e-06
-5.17578e-08
6.00586e-08
1.17187e-06
2.28369e-06
3.39551e-06
-3.12207e-06
-1.01025e-06
1.01563e-07
2.21338e-06
-3.3042e-06
-1.19238e-06
1.91943e-06
-3.59814e-06
-4.86328e-07
2.62549e-06
-1.89209e-06
1.21973e-06
-2.29785e-06
1.81396e-06
-1.70361e-06
2.4082e-06
-1.10938e-06
4.00244e-06
4.84863e-07
-2.03271e-06
4.0791e-06
1.56152e-06
4.39453e-08
-2.47363e-06
-3.99121e-06
3.12061e-06
1.60303e-06
1.08545e-06
5.67871e-07
5.0293e-08
-4.67285e-07
1.51367e-08
4.97559e-07
9.7998e-07
1.4624e-06
2.94482e-06
-3.20215e-06
-1.71973e-06
-2.37305e-07
1.24512e-06
-3.90186e-06
-1.41943e-06
1.06299e-06
-3.08398e-06
3.98438e-07
3.88086e-06
-2.66113e-07
3.21631e-06
6.93359e-08
-3.07764e-06
1.40479e-06
-7.42187e-07
-2.88916e-06
2.59326e-06
4.46289e-07
-7.00684e-07
-1.84766e-06
-2.99463e-06
-3.1416e-06
3.34082e-06
3.19385e-06
4.04688e-06
-3.72949e-06
-2.87646e-06
-1.02344e-06
-1.7041e-07
1.68262e-06
3.53564e-06
-2.24072e-06
6.12305e-07
3.46533e-06
-1.31104e-06
2.54199e-06
-1.23438e-06
2.61865e-06
-1.57715e-07
-2.93408e-06
1.91895e-06
-8.57422e-07
-2.63379e-06
4.21924e-06
2.44287e-06
1.6665e-06
8.90137e-07
1.11377e-06
1.3374e-06
1.56104e-06
1.78467e-06
3.0083e-06
-2.39746e-06
-1.17383e-06
1.0498e-06
-3.35596e-06
-1.13232e-06
3.09131e-06
-1.31445e-06
2.90918e-06
-4.96582e-07
-2.90234e-06
2.32129e-06
-8.44727e-08
-1.49023e-06
-2.896e-06
3.32764e-06
2.92187e-06
3.51611e-06
3.11035e-06
-2.9248e-06
-2.33057e-06
-7.36328e-07
8.5791e-07
3.45215e-06
-1.58301e-06
2.01123e-06
-2.02393e-06
2.57031e-06
-1.46484e-06
-3.5e-06
2.09424e-06
5.9082e-08
-9.76074e-07
-2.01123e-06
-3.04639e-06
-3.08154e-06
-2.1167e-06
-1.15186e-06
-1.87012e-07
1.77783e-06
-3.88672e-06
-9.21875e-07
3.04297e-06
-1.62158e-06
3.34326e-06
-3.21289e-07
-1.98584e-06
2.979e-06
2.31445e-06
1.6499e-06
9.85352e-07
1.3208e-06
1.65625e-06
2.9917e-06
-3.30225e-06
-9.66797e-07
2.36865e-06
-1.92529e-06
1.41016e-06
-1.88379e-06
3.45166e-06
1.15771e-06
-1.3623e-07
-1.43018e-06
-1.72412e-06
-2.01807e-06
-1.31201e-06
3.94043e-07
2.1001e-06
-2.82324e-06
-1.17187e-07
3.58887e-06
6.65527e-07
-2.25781e-06
3.44824e-06
1.5249e-06
6.01563e-07
6.78223e-07
7.54883e-07
1.83154e-06
2.9082e-06
-2.64453e-06
4.32129e-07
-3.12061e-06
9.56055e-07
-1.59668e-06
3.47998e-06
1.92725e-06
1.37451e-06
1.82178e-06
2.26904e-06
3.71631e-06
-2.46582e-06
9.81445e-07
-3.20068e-06
2.46582e-07
-1.93555e-06
3.51172e-06
2.32959e-06
2.14746e-06
1.96533e-06
2.7832e-06
-3.02832e-06
-2.10449e-07
2.60742e-06
-1.2041e-06
3.61377e-06
1.80225e-06
-9.27734e-09
1.79199e-07
3.67676e-07
1.55615e-06
2.74463e-06
-1.69629e-06
1.49219e-06
-9.4873e-07
-3.38965e-06
1.79883e-06
1.35791e-06
1.91699e-06
2.47607e-06
-2.59424e-06
-3.51562e-08
3.52393e-06
4.53613e-07
-1.6167e-06
-3.68701e-06
-3.75732e-06
-2.82764e-06
-1.89795e-06
1.03174e-06
-3.66797e-06
2.61719e-07
-1.43799e-06
-3.1377e-06
-3.8374e-06
-3.53711e-06
-1.23682e-06
1.06348e-06
-3.26562e-06
1.03467e-06
-1.29443e-06
-2.62354e-06
-2.95264e-06
-1.28174e-06
3.8916e-07
3.06006e-06
1.01563e-07
-2.85693e-06
3.81396e-06
2.85547e-06
3.89697e-06
-1.69092e-06
1.35059e-06
-2.2373e-06
2.8042e-06
1.21631e-06
6.28418e-07
2.04053e-06
-3.17676e-06
-7.64648e-07
-3.98193e-06
2.43018e-06
1.21289e-06
1.99561e-06
2.77832e-06
-2.06836e-06
2.71436e-06
-1.32324e-07
-9.79004e-07
-8.25684e-07
3.27637e-07
3.48096e-06
4.88281e-09
-2.47119e-06
3.68213e-06
-3.42334e-06
-1.89941e-06
6.24512e-07
-2.48096e-06
3.04297e-06
1.9375e-06
2.83203e-06
-2.90283e-06
9.91699e-07
-1.74316e-06
-3.47803e-06
-3.21289e-06
-9.47754e-07
1.31738e-06
-2.04687e-06
-3.41113e-06
-3.77539e-06
-2.13965e-06
4.96094e-07
-2.49756e-06
3.13818e-06
2.14453e-06
-3.47852e-06
-1.47217e-06
3.53418e-06
1.91113e-06
1.28809e-06
3.66504e-06
-1.5874e-06
3.78955e-06
2.53711e-06
3.28467e-06
-2.59717e-06
1.15039e-06
-7.31445e-07
-1.61328e-06
-4.95117e-07
2.62305e-06
1.11816e-07
-1.39941e-06
8.93555e-08
2.57813e-06
-1.5625e-06
-2.70313e-06
-2.84375e-06
1.5625e-08
3.875e-06
2.10498e-06
2.33496e-06
-4.06445e-06
1.65527e-07
-1.23389e-06
-1.6333e-06
9.67285e-07
-3.06152e-06
3.53906e-06
3.51025e-06
-1.14795e-06
2.82324e-06
2.16504e-06
2.50684e-06
-1.78076e-06
3.56104e-06
2.27344e-06
-3.64355e-06
1.06885e-06
-8.48145e-07
-7.65137e-07
2.31787e-06
-2.28516e-07
-7.74902e-07
6.78711e-07
-2.49707e-06
2.95654e-06
-2.84863e-06
-2.44141e-08
-1.82959e-06
-1.63477e-06
5.60059e-07
-1.87451e-06
-2.30908e-06
2.56348e-07
-2.80762e-06
-3.87158e-06
-1.93555e-06
3.00049e-06
2.30713e-06
3.61377e-06
2.91016e-07
-3.17383e-08
1.64551e-06
-2.30664e-06
-2.25879e-06
-2.10938e-07
-3.79248e-06
-3.37402e-06
-9.55566e-07
-4.1665e-06
-3.37744e-06
-5.88379e-07
-2.42871e-06
-1.26904e-06
2.89062e-06
1.4209e-06
2.95117e-06
8.52051e-07
7.5293e-07
3.65381e-06
1.92529e-06
3.19678e-06
-1.61133e-07
-5.19043e-07
2.12305e-06
1.35742e-07
1.14844e-06
-2.46826e-06
-2.08496e-06
2.9834e-07
-9.47754e-07
8.06152e-07
-2.06934e-06
-9.44824e-07
3.17969e-06
2.6748e-06
-2.45947e-06
4.03564e-06
-1.72803e-06
3.1377e-06
-3.25537e-06
1.98096e-06
1.58789e-06
-1.43457e-06
-1.45703e-06
1.52051e-06
8.68652e-07
-3.4126e-06
2.93555e-06
-1.9751e-06
-2.88574e-06
-7.96387e-07
-1.33643e-06
1.23535e-07
-1.0459e-06
1.78467e-06
-1.41602e-08
3.18701e-06
1.75879e-06
-3.29883e-06
3.27295e-06
-1.41406e-06
-1.10107e-06
2.21191e-06
2.89551e-06
-1.05029e-06
3.90625e-09
-2.57129e-06
-1.14648e-06
-3.35107e-06
-5.55664e-07
-1.38965e-06
2.77637e-06
2.31299e-06
2.20215e-07
1.12744e-06
4.05273e-07
2.68311e-06
3.33154e-06
-6.49414e-07
1.36963e-06
-2.40723e-07
3.14893e-06
3.90918e-06
1.04004e-06
3.1709e-06
2.67236e-06
-4.55566e-07
1.4165e-06
6.5918e-07
-3.72754e-06
-2.11426e-06
-3.13037e-06
8.53516e-07
2.20801e-06
9.33105e-07
-1.97119e-06
-8.75488e-07
-4.0918e-07
-3.57227e-06
-7.35352e-07
-5.27832e-07
-2.94971e-06
1.62842e-06
2.57715e-06
2.89648e-06
-4.13574e-07
3.27637e-06
-3.29248e-06
-3.86133e-06
1.56982e-06
-2.25781e-06
-1.08545e-06
-5.4248e-07
-2.62891e-06
2.28467e-06
-3.06055e-06
-1.40576e-06
-1.38037e-06
-2.98438e-06
1.41162e-06
-3.45117e-06
-1.31396e-06
-8.06152e-07
-9.27734e-07
-2.67871e-06
2.57031e-06
-1.43945e-06
1.55078e-06
-3.71777e-06
-2.98633e-06
-2.88428e-06
-3.41162e-06
3.06104e-06
1.2749e-06
-1.14063e-06
3.44385e-06
-2.30469e-07
3.09521e-06
-1.83789e-06
1.229e-06
3.6665e-06
-2.15479e-06
2.39258e-08
1.57324e-06
2.49316e-06
-2.8457e-06
-1.18457e-06
-1.52832e-07
2.24951e-06
-3.60693e-06
-1.46338e-06
1.05078e-06
-3.69385e-06
-4.38477e-07
4.1875e-06
5.54688e-07
-1.70752e-06
4.03027e-06
2.50928e-06
2.35889e-06
2.5791e-06
-3.45947e-06
-1.49805e-06
2.83398e-06
-9.27734e-08
-2.64893e-06
-2.83447e-06
-1.64941e-06
-9.375e-08
3.83252e-06
1.5e-06
5.38086e-07
9.46777e-07
3.72607e-06
2.46582e-07
-8.62305e-07
-6.00586e-07
2.03174e-06
-5.94727e-07
-1.85059e-06
2.6416e-07
3.74951e-06
1.97607e-06
3.57324e-06
-1.08838e-06
-2.37939e-06
-1.2998e-06
3.15039e-06
2.3418e-06
-2.72559e-06
2.20703e-06
2.88086e-06
-7.04102e-07
-1.91846e-06
1.23779e-06
1.35254e-07
2.40332e-06
4.12598e-07
1.79248e-06
-8.64258e-08
1.40527e-06
-3.61816e-07
1.2417e-06
-4.13574e-07
2.30176e-06
1.7583e-06
-2.04395e-06
-1.47559e-06
3.46338e-06
-2.48584e-06
-3.06445e-06
7.27539e-07
2.26074e-06
5.35156e-07
-3.44922e-06
-2.06299e-06
-2.93555e-06
1.5625e-06
-3.82764e-06
-2.84717e-06
2.50391e-06
-1.0332e-06
1.80029e-06
2.375e-06
1.69092e-06
-2.51953e-07
-3.45361e-06
-2.84668e-07
6.25488e-07
2.27686e-06
1.66943e-06
8.03223e-07
-3.21777e-07
-2.70557e-06
2.28125e-06
-6.20117e-07
-3.78027e-06
1.43018e-06
-2.24756e-06
2.44531e-06
-7.5e-07
-3.2041e-06
2.7124e-06
7.40723e-07
-4.89746e-07
2.09961e-08
1.27295e-06
3.26611e-06
-1.62891e-06
2.84668e-06
1.43408e-06
7.62695e-07
2.83252e-06
-1.98584e-06
3.56641e-06
3.23047e-06
-2.99365e-06
2.15283e-06
4.11133e-07
2.41064e-06
-4.78027e-07
-1.62549e-06
1.96826e-06
-3.26172e-07
1.12061e-06
-1.3208e-06
-1.021e-06
4.02002e-06
-3.45654e-06
1.4375e-06
2.44336e-06
5.61035e-07
2.41992e-06
1.39063e-06
-1.52686e-06
-7.03125e-07
-1.76758e-06
1.90918e-06
2.69775e-06
2.59814e-06
-3.89648e-07
2.36377e-06
-3.40039e-06
-3.42334e-06
2.29492e-06
4.95605e-07
-3.19189e-06
-1.38184e-07
2.02734e-06
-3.32471e-06
-1.93555e-06
-4.3457e-07
1.78223e-07
1.90283e-06
-3.89014e-06
-9.41895e-07
1.11816e-06
-2.33936e-06
2.94434e-06
1.71045e-06
1.58838e-06
2.57813e-06
-1.94971e-06
3.26367e-06
2.95947e-06
-2.8623e-06
2.05713e-06
1.45898e-06
-3.65674e-06
1.96875e-06
3.07666e-06
6.66992e-07
1.36914e-06
-2.44629e-06
-1.1499e-06
-3.37109e-06
-4.80469e-07
-1.10742e-06
2.37744e-06
-3.28467e-06
-3.83496e-06
7.26563e-07
-3.85889e-06
-2.33252e-06
-2.32373e-06
-2.83252e-06
1.77051e-06
-7.73438e-07
2.79443e-06
-7.84668e-07
2.74805e-06
-8.66211e-07
2.63135e-06
-1.80664e-08
-2.18506e-06
-3.86963e-06
-3.07178e-06
-1.7915e-06
1.97119e-06
-4.13086e-07
-3.14941e-07
2.26562e-06
6.99219e-07
1.61523e-06
-2.61572e-06
-2.36426e-06
1.36963e-06
9.56543e-07
-1.60352e-06
-6.81152e-07
-1.90576e-06
1.35205e-06
2.46289e-06
2.42676e-06
-7.56348e-07
3.54297e-06
-1.93408e-06
7.12891e-08
9.29688e-07
1.64111e-06
2.20557e-06
2.62305e-06
-3.73584e-06
-1.6123e-06
2.36426e-06
-1.43555e-06
-2.38232e-06
-1.47607e-06
1.2832e-06
-7.33887e-07
1.02051e-07
-3.83838e-06
-3.92578e-06
-1.60156e-07
8.29102e-07
-2.95801e-06
-8.9209e-07
-1.60254e-06
3.54004e-06
-7.23145e-07
8.66699e-07
6.80176e-07
7.17285e-07
-1.02197e-06
-2.5376e-06
-2.82959e-06
-3.89795e-06
-3.74268e-06
-2.36377e-06
1.23877e-06
-1.56445e-06
-2.14404e-06
5e-07
-2.26172e-06
-1.7998e-06
2.88574e-06
-3.46387e-06
3.03955e-06
-2.49219e-06
-1.80029e-06
-3.51416e-06
9.95605e-07
-2.52979e-06
1.68457e-07
1.46094e-06
-4.28174e-06
-1.80078e-06
2.27441e-06
-1.68555e-06
-3.05127e-06
-2.82275e-06
0
-2.2124e-06
-8.30566e-07
-3.48389e-06
-1.54297e-06
-3.63721e-06
-1.37207e-07
1.32764e-06
7.57324e-07
-1.84814e-06
3.14062e-06
4.64844e-07
-3.24609e-06
1.63721e-06
8.55957e-07
3.95508e-08
2.18799e-06
-1.32812e-06
-1.87939e-06
5.3418e-07
-7.16797e-07
2.99707e-06
3.04639e-06
1.43115e-06
-2.84863e-06
-1.63574e-07
1.85693e-06
3.21289e-06
-2.7251e-06
-6.98242e-07
3.66406e-06
7.32422e-07
1.13623e-06
-3.75391e-06
3.3208e-06
-2.52783e-06
-3.04102e-06
1.78125e-06
-3.31982e-06
-2.08545e-06
-2.14502e-06
-2.49854e-06
-3.146e-06
-2.0874e-06
-3.22754e-07
4.14795e-06
2.69531e-06
-2.68066e-06
2.27881e-06
-2.31445e-06
-3.20166e-06
2.61719e-06
-1.1167e-06
1.85547e-06
-2.7251e-06
4.00391e-07
-3.02686e-06
2.25195e-06
2.97803e-06
-8.48633e-07
-1.59863e-06
2.72803e-06
3.50195e-06
2.72314e-06
3.91602e-07
-1.49268e-06
2.69971e-06
7.09961e-07
1.6748e-07
2.07227e-06
-1.20508e-06
-1.03516e-06
3.58203e-06
-2.6123e-06
-2.35938e-06
-3.28857e-06
2.22949e-06
9.36035e-07
4.60449e-07
1.80273e-06
-1.6665e-06
-2.31787e-06
1.84863e-06
2.20361e-06
1.74707e-06
-5.20996e-07
-3.60059e-06
2.1377e-06
4.35059e-07
1.9209e-06
-2.03418e-06
-1.80078e-06
2.62109e-06
-3.02734e-06
-2.4873e-06
-2.38818e-06
-2.72998e-06
-1.5127e-06
2.26367e-06
9.69727e-07
3.23486e-06
2.42969e-06
-4.45801e-07
3.23779e-06
-7.7832e-07
3.76465e-06
1.60791e-06
2.38086e-06
-1.5459e-06
-5.42969e-07
-2.23975e-06
1.99316e-06
-1.10303e-06
3.73047e-06
2.23486e-06
-3.58984e-06
1.51514e-06
3.29102e-06
2.73779e-06
1.85547e-06
6.44043e-07
1.03516e-07
2.23389e-06
-5.94238e-07
1.24854e-06
1.32813e-07
-1.94141e-06
3.65527e-06
1.66406e-06
2.71436e-06
-1.82324e-06
-1.31934e-06
3.22607e-06
5.54199e-07
-3.70557e-06
2.07617e-06
1.64063e-06
-3.01221e-06
-3.25293e-06
2.91846e-06
2.43164e-07
-1.64941e-06
-1.75928e-06
9.13574e-07
7.39746e-07
-2.28076e-06
1.48145e-06
-2.23242e-06
2.83643e-06
-3.2002e-06
1.5459e-06
-3.81348e-06
-2.01953e-06
2.9834e-07
-3.48926e-06
-3.75293e-06
5.07324e-07
1.66211e-06
3.71143e-06
-1.97412e-06
2.86426e-06
2.96777e-06
1.33643e-06
-2.02979e-06
3.49854e-06
1.6626e-06
-3.5376e-06
3.15674e-06
-1.42578e-07
-1.80615e-06
-3.83398e-06
-1.22607e-06
-2.61182e-06
1.63818e-06
-1.73486e-06
-3.10156e-06
-2.46191e-06
4.18408e-06
5.77637e-07
-2.65186e-06
4.125e-06
-1.97998e-06
-2.70801e-06
2.94092e-06
2.70801e-06
3.22266e-06
1.85547e-06
-2.39355e-06
1.0498e-07
-1.90771e-06
-1.80225e-06
3.42139e-06
5.04395e-07
-1.92383e-06
-1.86328e-06
3.68604e-06
-5.34668e-07
3.7334e-06
2.23145e-06
-2.04053e-06
-4.53125e-07
1.36426e-06
-2.21777e-06
-1.56982e-06
-2.32129e-06
-3.47217e-06
-1.02246e-06
-2.60156e-06
1.41992e-06
-2.16797e-07
1.17676e-07
-3.20605e-06
1.44141e-06
-1.19873e-06
5.0293e-07
-1.08301e-06
-2.95654e-06
-2.11768e-06
2.43359e-06
-1.56152e-06
2.15576e-06
1.32666e-06
-2.04883e-06
2.65869e-06
1.19043e-06
-3.45361e-06
-1.64404e-06
9.89746e-07
-1.81641e-07
-2.1582e-06
2.68945e-06
3.10254e-06
1.08105e-06
-3.75e-07
7.34375e-07
-1.22021e-06
3.39062e-06
3.30811e-06
5.32227e-07
-2.93701e-06
2.52979e-06
-1.95557e-06
8.65723e-07
-2.26514e-06
2.8125e-07
1.87549e-06
-2.11182e-06
-1.05127e-06
4.27734e-07
-3.3042e-06
-1.61768e-06
8.5791e-07
-5.06836e-07
3.91748e-06
1.87207e-06
3.98633e-06
-2.99854e-06
1.17627e-06
2.25195e-06
-3.40088e-06
1.47656e-06
-3.00391e-06
2.4165e-06
-3.15039e-06
-1.4458e-06
3.90088e-06
-3.69141e-07
-2.62646e-06
-8.71094e-07
2.26758e-06
1.60156e-07
-3.19336e-06
-3.79297e-06
1.36133e-06
-9.89258e-07
7.84668e-07
3.05371e-06
1.18848e-06
-2.81104e-06
-2.94482e-06
1.78711e-06
1.25977e-07
-2.92822e-06
1.25391e-06
3.41357e-06
-2.07861e-06
3.03613e-06
8.69629e-07
3.05127e-06
3.95166e-06
-5.85938e-08
3.6499e-06
1.81836e-06
-5.53223e-07
5.35156e-07
-5.45898e-07
2.20361e-06
3.1543e-06
6.76758e-07
-3.229e-06
-3.56299e-06
2.6748e-06
-1.40381e-06
1.45996e-06
7.32422e-09
2.38281e-07
-2.47656e-06
3.49219e-06
2.56348e-07
-1.55469e-06
3.05908e-06
3.83887e-06
3.78467e-06
2.6709e-07
-2.71387e-06
-1.58203e-07
-3.32471e-06
4.16016e-07
8.05176e-07
8.42773e-07
-2.10059e-06
-2.0249e-06
-3.55957e-06
-7.0459e-07
2.91064e-06
-2.97266e-06
1.9043e-06
-1.34668e-06
9.03809e-07
-2.60303e-06
7.62207e-07
1.74072e-06
-3.29687e-06
-7.21191e-07
-1.79102e-06
-5.06348e-07
5.03418e-07
-1.39111e-06
-1.18994e-06
-5.22461e-07
-2.01807e-06
-6.76758e-07
1.87207e-06
-3.63037e-06
2.07471e-06
3.09912e-06
3.44287e-06
2.47656e-06
-1.4292e-06
3.35498e-06
9.40918e-07
-2.67139e-06
-2.48193e-06
-1.20117e-07
2.78467e-06
-2.02637e-06
-2.92383e-06
4.62891e-07
-2.125e-06
-3.6875e-06
1.77539e-06
-3.62451e-06
3.37158e-06
-1.75391e-06
1.25781e-06
-2.48145e-06
6.57715e-07
1.4165e-06
1.65527e-07
1.90479e-06
-6.24512e-07
-1.42236e-06
-1.11816e-06
-3.41309e-07
-7.21191e-07
-1.88721e-06
3.16064e-06
-2.46582e-06
-3.13721e-06
5.1709e-07
1.23828e-06
-2.60303e-06
-4.00684e-06
-1.60254e-06
2.98047e-06
3.4834e-06
-2.72314e-06
2.99023e-06
2.73535e-06
-3.11719e-06
2.06201e-06
2.38477e-06
-1.77832e-06
-1.42725e-06
1.80859e-06
1.67041e-06
-4.71191e-07
2.38379e-06
2.97656e-06
3.67773e-06
3.85791e-06
-2.7417e-06
-4.91699e-07
-3.28027e-06
-2.10742e-06
2.39746e-06
-1.65381e-06
1.36816e-06
-3.4248e-06
1.59668e-06
2.54443e-06
-2.10938e-07
-3.29883e-06
1.28076e-06
-3.60352e-07
1.77783e-06
2.43652e-06
1.98633e-06
3.79785e-06
1.6123e-06
-2.19971e-06
1.36182e-06
4.08691e-07
-2.68848e-06
1.07031e-06
-1.20312e-06
2.49121e-06
-2.73486e-06
2.74805e-06
-1.57764e-06
1.91748e-06
1.34521e-06
7.61719e-08
4.80957e-07
-1.69922e-06
-4.09375e-06
-1.33203e-06
1.32715e-06
-3.75e-07
-2.06787e-06
-1.38086e-06
-1.57275e-06
1.72705e-06
-3.36963e-06
2.7666e-06
6.18164e-07
3.18506e-06
-1.4209e-06
-1.19971e-06
1.58984e-06
2.68896e-06
-1.61133e-07
-2.58984e-06
7.73438e-07
4.05273e-08
-1.41797e-06
2.76855e-06
2.71191e-06
2.78271e-06
7.22168e-07
2.90088e-06
-5.69336e-07
-3.31787e-06
-9.74121e-07
-2.42627e-06
-1.30371e-06
1.13477e-06
2.63037e-06
2.92432e-06
-2.42187e-07
5.01465e-07
2.89648e-06
5.46875e-08
-1.65332e-06
-3.48633e-06
1.92627e-06
-9.33105e-07
2.93555e-06
1.82935e-06
-1.6958e-06
-2.08398e-06
4.06006e-07
1.70068e-06
-1.27344e-06
-1.14575e-06
-9.89746e-07
9.35791e-07
5.57373e-07
-3.83789e-07
-1.14648e-06
-9.89502e-07
1.82837e-06
1.41895e-06
-1.47656e-06
-3.02246e-07
-9.46289e-07
1.14722e-06
2.09009e-06
-1.19116e-06
1.67407e-06
-1.83179e-06
-1.33813e-06
-1.73315e-06
-2.75635e-07
1.96094e-06
8.83789e-08
-1.1521e-06
9.80713e-07
-1.21606e-06
-1.18652e-06
-1.81885e-06
1.62817e-06
-5.4834e-07
-1.60718e-06
-1.62183e-06
-6.65771e-07
-6.27197e-07
-5.7959e-07
-5.96436e-07
-5.65918e-07
-1.56152e-06
-6.56738e-07
1.26025e-06
3.0127e-07
-6.07178e-07
4.61426e-07
-1.95801e-07
-6.52344e-07
1.01831e-06
1.11328e-06
-1.25562e-06
6.52832e-07
-6.78955e-07
-1.32446e-06
-2.17188e-06
-2.10937e-06
-1.02515e-06
1.19263e-06
8.41064e-07
3.19824e-08
-1.22803e-07
4.88525e-07
1.16309e-06
1.0127e-06
3.34473e-07
2.40234e-07
-1.9729e-06
1.62158e-06
1.69141e-06
-6.51611e-07
-2.95654e-07
1.0564e-06
-1.11304e-06
1.12256e-06
4.30908e-07
-1.07617e-06
1.71313e-06
-1.34814e-06
4.81201e-07
8.68896e-07
-1.70264e-06
6.93115e-07
1.72388e-06
-1.2793e-07
2.49512e-07
4.31274e-07
-1.92871e-07
-2.33154e-07
-1.20715e-06
-7.25098e-07
6.02783e-07
4.44214e-07
-8.11035e-07
2.26807e-07
-7.74536e-07
-4.25293e-07
-1.15039e-06
-4.67407e-07
1.9873e-07
4.23096e-07
7.80762e-07
8.46802e-07
-7.1106e-07
4.96948e-07
-6.76147e-07
2.52075e-07
9.49341e-07
1.76025e-07
1.41455e-06
5.17944e-07
-8.46069e-07
-1.02417e-07
5.55603e-07
-1.11633e-07
5.63599e-07
-5.65674e-07
-0.00281347
-0.0027599
-0.00277225
-0.00276866
-0.002681
-0.00264598
-0.00251362
-0.0024754
-0.0023172
-0.00227968
-0.00209814
-0.00206161
-0.00186057
-0.00182685
-0.00161241
-0.00158562
-0.00136527
-0.00134812
-0.00112642
-0.00111865
-0.000900423
-0.000901625
-0.00068979
-0.000698994
-0.000495001
-0.000510599
-0.000316877
-0.000337466
-0.000155269
-0.000180201
-1.13937e-05
-3.97239e-05
0.00011428
8.2769e-05
0.000220705
0.000186347
0.000307522
0.00027067
0.000374863
0.000335834
0.000423302
0.000382455
0.000454011
0.000411936
0.000468472
0.000425682
0.000468702
0.000425846
0.00045687
0.000414619
0.000435397
0.00039438
0.000406647
0.00036741
0.000372812
0.000335852
0.000335973
0.000301669
0.000297915
0.000266543
0.000260132
0.000231865
0.000223829
0.000198718
0.00018988
0.000167882
0.000158877
0.000139877
0.00013117
0.000114982
0.000106888
9.32825e-05
8.59944e-05
7.47095e-05
6.83206e-05
5.90837e-05
5.36125e-05
4.61497e-05
4.15617e-05
3.56091e-05
3.18349e-05
2.71466e-05
2.40965e-05
2.04503e-05
1.80264e-05
1.52254e-05
1.33295e-05
1.12042e-05
9.7435e-06
8.15039e-06
7.04137e-06
5.8615e-06
5.03128e-06
4.16784e-06
3.55478e-06
2.93035e-06
2.48368e-06
2.03738e-06
1.71615e-06
1.40087e-06
1.1728e-06
9.52639e-07
7.92734e-07
6.40751e-07
5.30017e-07
4.26294e-07
3.50539e-07
2.8055e-07
2.29345e-07
1.82649e-07
1.48447e-07
1.17639e-07
9.50605e-08
7.49603e-08
6.02277e-08
4.72584e-08
3.77553e-08
2.9479e-08
2.34187e-08
1.81949e-08
1.43737e-08
1.11124e-08
8.72996e-09
6.71592e-09
5.24696e-09
4.01657e-09
3.12084e-09
2.37725e-09
1.83703e-09
1.39245e-09
1.07019e-09
8.07198e-10
6.17041e-10
4.63121e-10
3.52121e-10
2.62988e-10
1.98888e-10
1.47814e-10
1.11192e-10
8.22336e-11
6.15327e-11
4.52844e-11
3.37064e-11
2.46846e-11
1.82771e-11
1.33197e-11
9.81075e-12
7.11485e-12
5.21326e-12
3.76229e-12
2.74247e-12
1.96955e-12
1.42827e-12
1.02075e-12
7.36422e-13
5.23749e-13
3.75926e-13
2.66067e-13
1.89998e-13
1.33823e-13
9.50781e-14
6.66437e-14
4.71092e-14
3.28613e-14
2.31119e-14
1.60442e-14
1.12275e-14
7.75667e-15
5.40086e-15
3.71334e-15
2.57266e-15
1.76035e-15
1.21354e-15
8.26399e-16
5.66882e-16
3.84193e-16
2.62245e-16
1.76885e-16
1.20146e-16
8.06539e-17
5.4515e-17
3.64221e-17
2.44983e-17
1.62901e-17
1.09039e-17
7.21627e-18
4.8069e-18
3.16626e-18
2.09896e-18
1.37606e-18
9.07844e-19
5.92397e-19
3.88981e-19
2.52666e-19
1.65166e-19
1.06862e-19
6.96466e-20
4.50434e-20
2.95184e-20
1.94712e-20
1.34266e-20
9.93483e-21
8.50228e-21
8.70544e-21
1.06492e-20
