   9.9997521e+01
   9.9997446e+01
   9.9997368e+01
   9.9997288e+01
   9.9997205e+01
   9.9997120e+01
   9.9997032e+01
   9.9996942e+01
   9.9996849e+01
   9.9996753e+01
   9.9996654e+01
   9.9996552e+01
   9.9996447e+01
   9.9996339e+01
   9.9996227e+01
   9.9996113e+01
   9.9995994e+01
   9.9995872e+01
   9.9995746e+01
   9.9995617e+01
   9.9995483e+01
   9.9995346e+01
   9.9995204e+01
   9.9995058e+01
   9.9994908e+01
   9.9994752e+01
   9.9994593e+01
   9.9994428e+01
   9.9994258e+01
   9.9994083e+01
   9.9993903e+01
   9.9993718e+01
   9.9993526e+01
   9.9993329e+01
   9.9993126e+01
   9.9992917e+01
   9.9992701e+01
   9.9992479e+01
   9.9992250e+01
   9.9992013e+01
   9.9991770e+01
   9.9991520e+01
   9.9991261e+01
   9.9990995e+01
   9.9990721e+01
   9.9990438e+01
   9.9990147e+01
   9.9989847e+01
   9.9989538e+01
   9.9989219e+01
   9.9988891e+01
   9.9988553e+01
   9.9988204e+01
   9.9987845e+01
   9.9987475e+01
   9.9987093e+01
   9.9986700e+01
   9.9986295e+01
   9.9985878e+01
   9.9985448e+01
   9.9985004e+01
   9.9984548e+01
   9.9984077e+01
   9.9983592e+01
   9.9983093e+01
   9.9982578e+01
   9.9982047e+01
   9.9981500e+01
   9.9980937e+01
   9.9980356e+01
   9.9979758e+01
   9.9979142e+01
   9.9978506e+01
   9.9977852e+01
   9.9977177e+01
   9.9976482e+01
   9.9975766e+01
   9.9975028e+01
   9.9974267e+01
   9.9973484e+01
   9.9972676e+01
   9.9971844e+01
   9.9970987e+01
   9.9970103e+01
   9.9969193e+01
   9.9968254e+01
   9.9967288e+01
   9.9966291e+01
   9.9965265e+01
   9.9964207e+01
   9.9963117e+01
   9.9961994e+01
   9.9960836e+01
   9.9959643e+01
   9.9958414e+01
   9.9957148e+01
   9.9955843e+01
   9.9954498e+01
   9.9953112e+01
   9.9951684e+01
   9.9950213e+01
   9.9948697e+01
   9.9947134e+01
   9.9945524e+01
   9.9943865e+01
   9.9942156e+01
   9.9940394e+01
   9.9938579e+01
   9.9936708e+01
   9.9934781e+01
   9.9932794e+01
   9.9930748e+01
   9.9928639e+01
   9.9926465e+01
   9.9924226e+01
   9.9921918e+01
   9.9919540e+01
   9.9917090e+01
   9.9914565e+01
   9.9911963e+01
   9.9909282e+01
   9.9906519e+01
   9.9903672e+01
   9.9900739e+01
   9.9897716e+01
   9.9894601e+01
   9.9891391e+01
   9.9888083e+01
   9.9884675e+01
   9.9881163e+01
   9.9877544e+01
   9.9873814e+01
   9.9869971e+01
   9.9866011e+01
   9.9861931e+01
   9.9857726e+01
   9.9853393e+01
   9.9848928e+01
   9.9844327e+01
   9.9839586e+01
   9.9834701e+01
   9.9829667e+01
   9.9824480e+01
   9.9819134e+01
   9.9813626e+01
   9.9807950e+01
   9.9802101e+01
   9.9796074e+01
   9.9789864e+01
   9.9783464e+01
   9.9776870e+01
   9.9770075e+01
   9.9763072e+01
   9.9755857e+01
   9.9748421e+01
   9.9740760e+01
   9.9732865e+01
   9.9724729e+01
   9.9716346e+01
   9.9707707e+01
   9.9698806e+01
   9.9689633e+01
   9.9680181e+01
   9.9670441e+01
   9.9660404e+01
   9.9650062e+01
   9.9639405e+01
   9.9628423e+01
   9.9617107e+01
   9.9605446e+01
   9.9593430e+01
   9.9581048e+01
   9.9568289e+01
   9.9555142e+01
   9.9541594e+01
   9.9527633e+01
   9.9513248e+01
   9.9498424e+01
   9.9483149e+01
   9.9467408e+01
   9.9451188e+01
   9.9434475e+01
   9.9417252e+01
   9.9399504e+01
   9.9381217e+01
   9.9362372e+01
   9.9342953e+01
   9.9322943e+01
   9.9302324e+01
   9.9281076e+01
   9.9259182e+01
   9.9236621e+01
   9.9213372e+01
   9.9189416e+01
   9.9164730e+01
   9.9139292e+01
   9.9113080e+01
   9.9086069e+01
   9.9058235e+01
   9.9029554e+01
   9.9000000e+01
   9.8969545e+01
   9.8938163e+01
   9.8905826e+01
   9.8872503e+01
   9.8838166e+01
   9.8802783e+01
   9.8766322e+01
   9.8728751e+01
   9.8690036e+01
   9.8650141e+01
   9.8609032e+01
   9.8566671e+01
   9.8523019e+01
   9.8478038e+01
   9.8431688e+01
   9.8383926e+01
   9.8334709e+01
   9.8283993e+01
   9.8231733e+01
   9.8177881e+01
   9.8122389e+01
   9.8065208e+01
   9.8006284e+01
   9.7945567e+01
   9.7883000e+01
   9.7818528e+01
   9.7752092e+01
   9.7683633e+01
   9.7613089e+01
   9.7540397e+01
   9.7465491e+01
   9.7388304e+01
   9.7308766e+01
   9.7226805e+01
   9.7142349e+01
   9.7055320e+01
   9.6965642e+01
   9.6873232e+01
   9.6778007e+01
   9.6679883e+01
   9.6578770e+01
   9.6474579e+01
   9.6367213e+01
   9.6256579e+01
   9.6142574e+01
   9.6025098e+01
   9.5904045e+01
   9.5779304e+01
   9.5650765e+01
   9.5518311e+01
   9.5381823e+01
   9.5241179e+01
   9.5096251e+01
   9.4946910e+01
   9.4793020e+01
   9.4634444e+01
   9.4471039e+01
   9.4302657e+01
   9.4129147e+01
   9.3950353e+01
   9.3766113e+01
   9.3576263e+01
   9.3380631e+01
   9.3179042e+01
   9.2971312e+01
   9.2757257e+01
   9.2536683e+01
   9.2309391e+01
   9.2075177e+01
   9.1833830e+01
   9.1585133e+01
   9.1328862e+01
   9.1064787e+01
   9.0792669e+01
   9.0512264e+01
   9.0223320e+01
   8.9925575e+01
   8.9618763e+01
   8.9302608e+01
   8.8976824e+01
   8.8641118e+01
   8.8295188e+01
   8.7938724e+01
   8.7571403e+01
   8.7192896e+01
   8.6802862e+01
   8.6400949e+01
   8.5986796e+01
   8.5560031e+01
   8.5120268e+01
   8.4667113e+01
   8.4200157e+01
   8.3718980e+01
   8.3223149e+01
   8.2712218e+01
   8.2185727e+01
   8.1643201e+01
   8.1084154e+01
   8.0508080e+01
   7.9914463e+01
   7.9302767e+01
   7.8672443e+01
   7.8022922e+01
   7.7353620e+01
   7.6663935e+01
   7.5953246e+01
   7.5220914e+01
   7.4466278e+01
   7.3688661e+01
   7.2887361e+01
   7.2061658e+01
   7.1210809e+01
   7.0334048e+01
   6.9430585e+01
   6.8499608e+01
   6.7540278e+01
   6.6551732e+01
   6.5533081e+01
   6.4483407e+01
   6.3401766e+01
   6.2287183e+01
   6.1138657e+01
   5.9955153e+01
   5.8735606e+01
   5.7478918e+01
   5.6183958e+01
   5.4849561e+01
   5.3474526e+01
   5.2057614e+01
   5.0597551e+01
   4.9093022e+01
   4.7542674e+01
   4.5945111e+01
   4.4298894e+01
   4.2602543e+01
   4.0854530e+01
   3.9053282e+01
   3.7197179e+01
   3.5284548e+01
   3.3313669e+01
   3.1282768e+01
   2.9222848e+01
   2.7202825e+01
   2.5229904e+01
   2.3309653e+01
   2.1447818e+01
   1.9650160e+01
   1.7922303e+01
   1.6269573e+01
   1.4696847e+01
   1.3208406e+01
   1.1807805e+01
   1.0497760e+01
   9.2800707e+00
   8.1555604e+00
   7.1240577e+00
   6.1844049e+00
   5.3344993e+00
   4.5713634e+00
   3.8912394e+00
   3.2897033e+00
   2.7617938e+00
   2.3021483e+00
   1.9051416e+00
   1.5650205e+00
   1.2760303e+00
   1.0325282e+00
   8.2908079e-01
   6.6054453e-01
   5.2212690e-01
   4.0942958e-01
   3.1847398e-01
   2.4571098e-01
   1.8801699e-01
   1.4267874e-01
   1.0736938e-01
   8.0118256e-02
   5.9276797e-02
   4.3482433e-02
   3.1622326e-02
   2.2798216e-02
   1.6293424e-02
   1.1542683e-02
   8.1051982e-03
   5.6410952e-03
   3.8912360e-03
   2.6602250e-03
   1.8023492e-03
   1.2101333e-03
   8.0516672e-04
   5.3086257e-04
   3.4682315e-04
   2.2451759e-04
   1.4401118e-04
   9.1523655e-05
   5.7630199e-05
   3.5953013e-05
   2.2221745e-05
   1.3607189e-05
   8.2546037e-06
