   9.9997521e+01
   9.9996849e+01
   9.9995994e+01
   9.9994908e+01
   9.9993526e+01
   9.9991770e+01
   9.9989538e+01
   9.9986700e+01
   9.9983093e+01
   9.9978506e+01
   9.9972676e+01
   9.9965265e+01
   9.9955843e+01
   9.9943865e+01
   9.9928639e+01
   9.9909282e+01
   9.9884675e+01
   9.9853393e+01
   9.9813626e+01
   9.9763072e+01
   9.9698806e+01
   9.9617107e+01
   9.9513248e+01
   9.9381217e+01
   9.9213372e+01
   9.9000000e+01
   9.8728751e+01
   9.8383926e+01
   9.7945567e+01
   9.7388304e+01
   9.6679883e+01
   9.5779304e+01
   9.4634444e+01
   9.3179042e+01
   9.1328862e+01
   8.8976824e+01
   8.5986796e+01
   8.2185727e+01
   7.7353620e+01
   7.1210809e+01
   6.3401766e+01
   5.3474526e+01
   4.0854530e+01
   2.5229904e+01
   1.1807805e+01
   3.8912394e+00
   8.2908079e-01
   1.0736938e-01
   8.1051982e-03
   3.4682315e-04
   8.2546037e-06
