   9.9997521e+01
   9.9997205e+01
   9.9996849e+01
   9.9996447e+01
   9.9995994e+01
   9.9995483e+01
   9.9994908e+01
   9.9994258e+01
   9.9993526e+01
   9.9992701e+01
   9.9991770e+01
   9.9990721e+01
   9.9989538e+01
   9.9988204e+01
   9.9986700e+01
   9.9985004e+01
   9.9983093e+01
   9.9980937e+01
   9.9978506e+01
   9.9975766e+01
   9.9972676e+01
   9.9969193e+01
   9.9965265e+01
   9.9960836e+01
   9.9955843e+01
   9.9950213e+01
   9.9943865e+01
   9.9936708e+01
   9.9928639e+01
   9.9919540e+01
   9.9909282e+01
   9.9897716e+01
   9.9884675e+01
   9.9869971e+01
   9.9853393e+01
   9.9834701e+01
   9.9813626e+01
   9.9789864e+01
   9.9763072e+01
   9.9732865e+01
   9.9698806e+01
   9.9660404e+01
   9.9617107e+01
   9.9568289e+01
   9.9513248e+01
   9.9451188e+01
   9.9381217e+01
   9.9302324e+01
   9.9213372e+01
   9.9113080e+01
   9.9000000e+01
   9.8872503e+01
   9.8728751e+01
   9.8566671e+01
   9.8383926e+01
   9.8177881e+01
   9.7945567e+01
   9.7683633e+01
   9.7388304e+01
   9.7055320e+01
   9.6679883e+01
   9.6256579e+01
   9.5779304e+01
   9.5241179e+01
   9.4634444e+01
   9.3950353e+01
   9.3179042e+01
   9.2309391e+01
   9.1328862e+01
   9.0223320e+01
   8.8976824e+01
   8.7571403e+01
   8.5986796e+01
   8.4200157e+01
   8.2185727e+01
   7.9914463e+01
   7.7353620e+01
   7.4466278e+01
   7.1210809e+01
   6.7540278e+01
   6.3401766e+01
   5.8735606e+01
   5.3474526e+01
   4.7542674e+01
   4.0854530e+01
   3.3313669e+01
   2.4811372e+01
   1.5225058e+01
   6.4918197e+00
   1.9986968e+00
   3.4100272e-01
   3.7323428e-02
   1.7038319e-03
   0.0000000e+00
   0.0000000e+00
   0.0000000e+00
   0.0000000e+00
   0.0000000e+00
   0.0000000e+00
   0.0000000e+00
   0.0000000e+00
