-5.53223e-07
-1.41113e-07
2.6416e-06
1.65527e-07
6.00586e-08
-3.3042e-06
-2.29785e-06
4.0791e-06
5.67871e-07
-3.20215e-06
3.98438e-07
-2.88916e-06
3.19385e-06
-2.24072e-06
-2.93408e-06
1.11377e-06
-3.35596e-06
-8.44727e-08
-2.33057e-06
-1.46484e-06
-2.1167e-06
3.34326e-06
1.65625e-06
3.45166e-06
2.1001e-06
6.01563e-07
9.56055e-07
-2.46582e-06
1.96533e-06
-9.27734e-09
-3.38965e-06
4.53613e-07
2.61719e-07
1.03467e-06
-2.85693e-06
1.21631e-06
1.99561e-06
3.48096e-06
3.04297e-06
-9.47754e-07
3.13818e-06
-1.5874e-06
-4.95117e-07
-2.84375e-06
-1.6333e-06
2.50684e-06
2.31787e-06
-1.82959e-06
-1.93555e-06
-2.25879e-06
-2.42871e-06
1.92529e-06
-2.08496e-06
-2.45947e-06
-1.45703e-06
-1.33643e-06
3.27295e-06
-1.14648e-06
4.05273e-07
1.04004e-06
-3.13037e-06
-7.35352e-07
-3.29248e-06
-3.06055e-06
-9.27734e-07
-3.41162e-06
1.229e-06
-1.52832e-07
5.54688e-07
2.83398e-06
5.38086e-07
-1.85059e-06
3.15039e-06
1.35254e-07
-4.13574e-07
7.27539e-07
-2.84717e-06
-2.84668e-07
-6.20117e-07
7.40723e-07
7.62695e-07
2.41064e-06
4.02002e-06
-7.03125e-07
-3.42334e-06
-4.3457e-07
1.71045e-06
1.45898e-06
-3.37109e-06
-2.33252e-06
-8.66211e-07
-4.13086e-07
9.56543e-07
3.54297e-06
-1.6123e-06
-3.83838e-06
-7.23145e-07
-3.74268e-06
2.88574e-06
1.68457e-07
0
7.57324e-07
2.18799e-06
-2.84863e-06
1.13623e-06
-2.14502e-06
2.27881e-06
-3.02686e-06
3.91602e-07
3.58203e-06
-1.6665e-06
4.35059e-07
-2.72998e-06
-7.7832e-07
-1.10303e-06
6.44043e-07
1.66406e-06
1.64063e-06
7.39746e-07
-2.01953e-06
2.86426e-06
-1.42578e-07
-2.46191e-06
2.70801e-06
5.04395e-07
-4.53125e-07
1.41992e-06
-2.95654e-06
1.19043e-06
1.08105e-06
2.52979e-06
4.27734e-07
-2.99854e-06
-1.4458e-06
-3.79297e-06
1.78711e-06
3.05127e-06
2.20361e-06
7.32422e-09
3.78467e-06
-2.10059e-06
9.03809e-07
5.03418e-07
2.07471e-06
-2.48193e-06
1.77539e-06
1.65527e-07
3.16064e-06
2.98047e-06
-1.77832e-06
3.85791e-06
-3.4248e-06
2.43652e-06
1.07031e-06
7.61719e-08
-1.38086e-06
-1.19971e-06
2.76855e-06
-2.42627e-06
5.46875e-08
-2.08398e-06
-3.83789e-07
1.14722e-06
1.96094e-06
-5.4834e-07
-1.56152e-06
1.01831e-06
-1.02515e-06
3.34473e-07
-1.11304e-06
-1.70264e-06
-0.0328322
-0.136453
-0.0699017
-0.0044258
0.0560236
0.109907
0.156349
0.194336
0.222565
0.239738
0.245074
0.238791
0.222305
0.19808
0.169186
0.138741
0.109419
0.0831365
0.060971
0.0432449
0.0297234
0.0198369
0.0128774
0.00813939
0.00500169
0.00296063
0.00162889
0.000714895
-8.77014e-06
-8.2546e-06
