99.9975
99.9974
99.9972
99.997
99.9968
99.9967
99.9964
99.9962
99.996
99.9957
99.9955
99.9952
99.9949
99.9946
99.9943
99.9939
99.9935
99.9931
99.9927
99.9922
99.9918
99.9913
99.9907
99.9902
99.9895
99.9889
99.9882
99.9875
99.9867
99.9859
99.985
99.9841
99.9831
99.982
99.9809
99.9798
99.9785
99.9772
99.9758
99.9743
99.9727
99.971
99.9692
99.9673
99.9653
99.9631
99.9608
99.9584
99.9558
99.9531
99.9502
99.9471
99.9439
99.9404
99.9367
99.9328
99.9286
99.9242
99.9195
99.9146
99.9093
99.9037
99.8977
99.8914
99.8847
99.8775
99.87
99.8619
99.8534
99.8443
99.8347
99.8245
99.8136
99.8021
99.7899
99.7769
99.7631
99.7484
99.7329
99.7163
99.6988
99.6802
99.6604
99.6394
99.6171
99.5934
99.5683
99.5416
99.5132
99.4831
99.4512
99.4173
99.3812
99.343
99.3023
99.2592
99.2134
99.1647
99.1131
99.0582
99
98.9382
98.8725
98.8028
98.7288
98.6501
98.5667
98.478
98.3839
98.284
98.1779
98.0652
97.9456
97.8185
97.6836
97.5404
97.3883
97.2268
97.0553
96.8732
96.6799
96.4746
96.2566
96.0251
95.7793
95.5183
95.2412
94.9469
94.6344
94.3027
93.9504
93.5763
93.179
92.7573
92.3094
91.8338
91.3289
90.7927
90.2233
89.6188
88.9768
88.2952
87.5714
86.8029
85.9868
85.1203
84.2002
83.2232
82.1857
81.0842
79.9145
78.6724
77.3536
75.9532
74.4663
72.8874
71.2108
69.4306
67.5403
65.5331
63.4018
61.1387
58.7356
56.184
53.4745
50.5975
47.5427
44.2989
40.8545
37.1972
33.3137
29.19
25.0935
21.3779
17.9179
14.7529
11.9177
9.43642
7.31839
5.55706
4.13098
3.00687
2.14393
1.49834
1.02716
0.691313
0.457215
0.297435
0.190506
0.120248
0.0748672
0.0460168
0.0279421
0.0167687
0.00994174
0.00580686
0.00330745
0.0017729
0.000772525
1.34516e-05
0
