   9.9997521e+01
   9.9997491e+01
   9.9997461e+01
   9.9997430e+01
   9.9997399e+01
   9.9997368e+01
   9.9997336e+01
   9.9997304e+01
   9.9997271e+01
   9.9997239e+01
   9.9997205e+01
   9.9997171e+01
   9.9997137e+01
   9.9997103e+01
   9.9997068e+01
   9.9997032e+01
   9.9996997e+01
   9.9996960e+01
   9.9996924e+01
   9.9996886e+01
   9.9996849e+01
   9.9996811e+01
   9.9996772e+01
   9.9996733e+01
   9.9996694e+01
   9.9996654e+01
   9.9996614e+01
   9.9996573e+01
   9.9996531e+01
   9.9996490e+01
   9.9996447e+01
   9.9996404e+01
   9.9996361e+01
   9.9996317e+01
   9.9996272e+01
   9.9996227e+01
   9.9996182e+01
   9.9996136e+01
   9.9996089e+01
   9.9996042e+01
   9.9995994e+01
   9.9995946e+01
   9.9995897e+01
   9.9995847e+01
   9.9995797e+01
   9.9995746e+01
   9.9995695e+01
   9.9995643e+01
   9.9995591e+01
   9.9995537e+01
   9.9995483e+01
   9.9995429e+01
   9.9995374e+01
   9.9995318e+01
   9.9995261e+01
   9.9995204e+01
   9.9995146e+01
   9.9995088e+01
   9.9995028e+01
   9.9994968e+01
   9.9994908e+01
   9.9994846e+01
   9.9994784e+01
   9.9994721e+01
   9.9994657e+01
   9.9994593e+01
   9.9994527e+01
   9.9994461e+01
   9.9994394e+01
   9.9994327e+01
   9.9994258e+01
   9.9994189e+01
   9.9994119e+01
   9.9994048e+01
   9.9993976e+01
   9.9993903e+01
   9.9993830e+01
   9.9993755e+01
   9.9993680e+01
   9.9993603e+01
   9.9993526e+01
   9.9993448e+01
   9.9993369e+01
   9.9993289e+01
   9.9993208e+01
   9.9993126e+01
   9.9993043e+01
   9.9992959e+01
   9.9992874e+01
   9.9992788e+01
   9.9992701e+01
   9.9992613e+01
   9.9992524e+01
   9.9992433e+01
   9.9992342e+01
   9.9992250e+01
   9.9992156e+01
   9.9992061e+01
   9.9991965e+01
   9.9991868e+01
   9.9991770e+01
   9.9991671e+01
   9.9991570e+01
   9.9991469e+01
   9.9991366e+01
   9.9991261e+01
   9.9991156e+01
   9.9991049e+01
   9.9990941e+01
   9.9990832e+01
   9.9990721e+01
   9.9990609e+01
   9.9990496e+01
   9.9990381e+01
   9.9990265e+01
   9.9990147e+01
   9.9990028e+01
   9.9989908e+01
   9.9989786e+01
   9.9989663e+01
   9.9989538e+01
   9.9989412e+01
   9.9989284e+01
   9.9989154e+01
   9.9989024e+01
   9.9988891e+01
   9.9988757e+01
   9.9988621e+01
   9.9988484e+01
   9.9988345e+01
   9.9988204e+01
   9.9988062e+01
   9.9987918e+01
   9.9987772e+01
   9.9987624e+01
   9.9987475e+01
   9.9987323e+01
   9.9987170e+01
   9.9987016e+01
   9.9986859e+01
   9.9986700e+01
   9.9986540e+01
   9.9986377e+01
   9.9986213e+01
   9.9986046e+01
   9.9985878e+01
   9.9985707e+01
   9.9985535e+01
   9.9985360e+01
   9.9985183e+01
   9.9985004e+01
   9.9984823e+01
   9.9984640e+01
   9.9984455e+01
   9.9984267e+01
   9.9984077e+01
   9.9983885e+01
   9.9983690e+01
   9.9983493e+01
   9.9983294e+01
   9.9983093e+01
   9.9982888e+01
   9.9982682e+01
   9.9982473e+01
   9.9982261e+01
   9.9982047e+01
   9.9981830e+01
   9.9981611e+01
   9.9981389e+01
   9.9981164e+01
   9.9980937e+01
   9.9980707e+01
   9.9980474e+01
   9.9980238e+01
   9.9980000e+01
   9.9979758e+01
   9.9979514e+01
   9.9979266e+01
   9.9979016e+01
   9.9978763e+01
   9.9978506e+01
   9.9978247e+01
   9.9977984e+01
   9.9977719e+01
   9.9977450e+01
   9.9977177e+01
   9.9976902e+01
   9.9976623e+01
   9.9976341e+01
   9.9976055e+01
   9.9975766e+01
   9.9975473e+01
   9.9975177e+01
   9.9974878e+01
   9.9974574e+01
   9.9974267e+01
   9.9973957e+01
   9.9973642e+01
   9.9973324e+01
   9.9973002e+01
   9.9972676e+01
   9.9972346e+01
   9.9972013e+01
   9.9971675e+01
   9.9971333e+01
   9.9970987e+01
   9.9970636e+01
   9.9970282e+01
   9.9969923e+01
   9.9969560e+01
   9.9969193e+01
   9.9968821e+01
   9.9968444e+01
   9.9968063e+01
   9.9967678e+01
   9.9967288e+01
   9.9966893e+01
   9.9966493e+01
   9.9966088e+01
   9.9965679e+01
   9.9965265e+01
   9.9964845e+01
   9.9964421e+01
   9.9963991e+01
   9.9963557e+01
   9.9963117e+01
   9.9962672e+01
   9.9962221e+01
   9.9961765e+01
   9.9961303e+01
   9.9960836e+01
   9.9960363e+01
   9.9959885e+01
   9.9959401e+01
   9.9958910e+01
   9.9958414e+01
   9.9957912e+01
   9.9957404e+01
   9.9956890e+01
   9.9956370e+01
   9.9955843e+01
   9.9955310e+01
   9.9954770e+01
   9.9954224e+01
   9.9953672e+01
   9.9953112e+01
   9.9952546e+01
   9.9951973e+01
   9.9951394e+01
   9.9950807e+01
   9.9950213e+01
   9.9949612e+01
   9.9949004e+01
   9.9948388e+01
   9.9947765e+01
   9.9947134e+01
   9.9946496e+01
   9.9945850e+01
   9.9945196e+01
   9.9944535e+01
   9.9943865e+01
   9.9943188e+01
   9.9942502e+01
   9.9941808e+01
   9.9941105e+01
   9.9940394e+01
   9.9939674e+01
   9.9938946e+01
   9.9938209e+01
   9.9937463e+01
   9.9936708e+01
   9.9935944e+01
   9.9935171e+01
   9.9934388e+01
   9.9933596e+01
   9.9932794e+01
   9.9931983e+01
   9.9931162e+01
   9.9930331e+01
   9.9929490e+01
   9.9928639e+01
   9.9927777e+01
   9.9926905e+01
   9.9926023e+01
   9.9925130e+01
   9.9924226e+01
   9.9923311e+01
   9.9922385e+01
   9.9921448e+01
   9.9920500e+01
   9.9919540e+01
   9.9918569e+01
   9.9917586e+01
   9.9916591e+01
   9.9915584e+01
   9.9914565e+01
   9.9913534e+01
   9.9912490e+01
   9.9911433e+01
   9.9910364e+01
   9.9909282e+01
   9.9908187e+01
   9.9907078e+01
   9.9905957e+01
   9.9904821e+01
   9.9903672e+01
   9.9902509e+01
   9.9901333e+01
   9.9900141e+01
   9.9898936e+01
   9.9897716e+01
   9.9896481e+01
   9.9895231e+01
   9.9893966e+01
   9.9892686e+01
   9.9891391e+01
   9.9890080e+01
   9.9888753e+01
   9.9887410e+01
   9.9886051e+01
   9.9884675e+01
   9.9883283e+01
   9.9881874e+01
   9.9880448e+01
   9.9879004e+01
   9.9877544e+01
   9.9876065e+01
   9.9874569e+01
   9.9873055e+01
   9.9871522e+01
   9.9869971e+01
   9.9868402e+01
   9.9866813e+01
   9.9865205e+01
   9.9863578e+01
   9.9861931e+01
   9.9860264e+01
   9.9858577e+01
   9.9856870e+01
   9.9855142e+01
   9.9853393e+01
   9.9851623e+01
   9.9849832e+01
   9.9848019e+01
   9.9846184e+01
   9.9844327e+01
   9.9842448e+01
   9.9840546e+01
   9.9838621e+01
   9.9836673e+01
   9.9834701e+01
   9.9832706e+01
   9.9830686e+01
   9.9828642e+01
   9.9826573e+01
   9.9824480e+01
   9.9822361e+01
   9.9820216e+01
   9.9818046e+01
   9.9815849e+01
   9.9813626e+01
   9.9811376e+01
   9.9809099e+01
   9.9806794e+01
   9.9804462e+01
   9.9802101e+01
   9.9799712e+01
   9.9797294e+01
   9.9794847e+01
   9.9792370e+01
   9.9789864e+01
   9.9787327e+01
   9.9784760e+01
   9.9782161e+01
   9.9779531e+01
   9.9776870e+01
   9.9774176e+01
   9.9771450e+01
   9.9768691e+01
   9.9765898e+01
   9.9763072e+01
   9.9760212e+01
   9.9757317e+01
   9.9754387e+01
   9.9751422e+01
   9.9748421e+01
   9.9745384e+01
   9.9742311e+01
   9.9739200e+01
   9.9736051e+01
   9.9732865e+01
   9.9729640e+01
   9.9726376e+01
   9.9723073e+01
   9.9719729e+01
   9.9716346e+01
   9.9712922e+01
   9.9709456e+01
   9.9705948e+01
   9.9702399e+01
   9.9698806e+01
   9.9695170e+01
   9.9691490e+01
   9.9687765e+01
   9.9683996e+01
   9.9680181e+01
   9.9676320e+01
   9.9672412e+01
   9.9668458e+01
   9.9664455e+01
   9.9660404e+01
   9.9656305e+01
   9.9652156e+01
   9.9647956e+01
   9.9643706e+01
   9.9639405e+01
   9.9635052e+01
   9.9630646e+01
   9.9626187e+01
   9.9621674e+01
   9.9617107e+01
   9.9612485e+01
   9.9607807e+01
   9.9603072e+01
   9.9598280e+01
   9.9593430e+01
   9.9588522e+01
   9.9583555e+01
   9.9578527e+01
   9.9573439e+01
   9.9568289e+01
   9.9563078e+01
   9.9557803e+01
   9.9552465e+01
   9.9547062e+01
   9.9541594e+01
   9.9536060e+01
   9.9530459e+01
   9.9524791e+01
   9.9519054e+01
   9.9513248e+01
   9.9507372e+01
   9.9501424e+01
   9.9495405e+01
   9.9489314e+01
   9.9483149e+01
   9.9476909e+01
   9.9470594e+01
   9.9464203e+01
   9.9457735e+01
   9.9451188e+01
   9.9444563e+01
   9.9437858e+01
   9.9431071e+01
   9.9424203e+01
   9.9417252e+01
   9.9410217e+01
   9.9403097e+01
   9.9395891e+01
   9.9388598e+01
   9.9381217e+01
   9.9373746e+01
   9.9366186e+01
   9.9358535e+01
   9.9350791e+01
   9.9342953e+01
   9.9335021e+01
   9.9326993e+01
   9.9318869e+01
   9.9310646e+01
   9.9302324e+01
   9.9293901e+01
   9.9285377e+01
   9.9276750e+01
   9.9268018e+01
   9.9259182e+01
   9.9250238e+01
   9.9241187e+01
   9.9232026e+01
   9.9222755e+01
   9.9213372e+01
   9.9203876e+01
   9.9194265e+01
   9.9184538e+01
   9.9174693e+01
   9.9164730e+01
   9.9154646e+01
   9.9144441e+01
   9.9134112e+01
   9.9123659e+01
   9.9113080e+01
   9.9102372e+01
   9.9091536e+01
   9.9080569e+01
   9.9069469e+01
   9.9058235e+01
   9.9046866e+01
   9.9035360e+01
   9.9023714e+01
   9.9011928e+01
   9.9000000e+01
   9.8987928e+01
   9.8975710e+01
   9.8963344e+01
   9.8950829e+01
   9.8938163e+01
   9.8925345e+01
   9.8912371e+01
   9.8899241e+01
   9.8885952e+01
   9.8872503e+01
   9.8858892e+01
   9.8845116e+01
   9.8831174e+01
   9.8817063e+01
   9.8802783e+01
   9.8788329e+01
   9.8773702e+01
   9.8758898e+01
   9.8743915e+01
   9.8728751e+01
   9.8713404e+01
   9.8697872e+01
   9.8682152e+01
   9.8666243e+01
   9.8650141e+01
   9.8633845e+01
   9.8617353e+01
   9.8600661e+01
   9.8583768e+01
   9.8566671e+01
   9.8549367e+01
   9.8531855e+01
   9.8514131e+01
   9.8496193e+01
   9.8478038e+01
   9.8459665e+01
   9.8441070e+01
   9.8422250e+01
   9.8403203e+01
   9.8383926e+01
   9.8364416e+01
   9.8344671e+01
   9.8324687e+01
   9.8304462e+01
   9.8283993e+01
   9.8263277e+01
   9.8242311e+01
   9.8221091e+01
   9.8199616e+01
   9.8177881e+01
   9.8155884e+01
   9.8133621e+01
   9.8111090e+01
   9.8088286e+01
   9.8065208e+01
   9.8041850e+01
   9.8018211e+01
   9.7994286e+01
   9.7970073e+01
   9.7945567e+01
   9.7920765e+01
   9.7895664e+01
   9.7870260e+01
   9.7844549e+01
   9.7818528e+01
   9.7792192e+01
   9.7765539e+01
   9.7738564e+01
   9.7711263e+01
   9.7683633e+01
   9.7655669e+01
   9.7627368e+01
   9.7598725e+01
   9.7569736e+01
   9.7540397e+01
   9.7510704e+01
   9.7480652e+01
   9.7450238e+01
   9.7419457e+01
   9.7388304e+01
   9.7356774e+01
   9.7324865e+01
   9.7292570e+01
   9.7259885e+01
   9.7226805e+01
   9.7193326e+01
   9.7159443e+01
   9.7125151e+01
   9.7090445e+01
   9.7055320e+01
   9.7019771e+01
   9.6983793e+01
   9.6947381e+01
   9.6910529e+01
   9.6873232e+01
   9.6835484e+01
   9.6797281e+01
   9.6758617e+01
   9.6719486e+01
   9.6679883e+01
   9.6639802e+01
   9.6599236e+01
   9.6558181e+01
   9.6516631e+01
   9.6474579e+01
   9.6432019e+01
   9.6388945e+01
   9.6345351e+01
   9.6301231e+01
   9.6256579e+01
   9.6211387e+01
   9.6165650e+01
   9.6119360e+01
   9.6072512e+01
   9.6025098e+01
   9.5977112e+01
   9.5928547e+01
   9.5879395e+01
   9.5829650e+01
   9.5779304e+01
   9.5728351e+01
   9.5676782e+01
   9.5624591e+01
   9.5571770e+01
   9.5518311e+01
   9.5464207e+01
   9.5409449e+01
   9.5354031e+01
   9.5297943e+01
   9.5241179e+01
   9.5183729e+01
   9.5125585e+01
   9.5066740e+01
   9.5007184e+01
   9.4946910e+01
   9.4885907e+01
   9.4824169e+01
   9.4761684e+01
   9.4698446e+01
   9.4634444e+01
   9.4569669e+01
   9.4504113e+01
   9.4437765e+01
   9.4370616e+01
   9.4302657e+01
   9.4233877e+01
   9.4164266e+01
   9.4093816e+01
   9.4022514e+01
   9.3950353e+01
   9.3877319e+01
   9.3803405e+01
   9.3728598e+01
   9.3652887e+01
   9.3576263e+01
   9.3498714e+01
   9.3420229e+01
   9.3340796e+01
   9.3260404e+01
   9.3179042e+01
   9.3096697e+01
   9.3013358e+01
   9.2929014e+01
   9.2843651e+01
   9.2757257e+01
   9.2669821e+01
   9.2581328e+01
   9.2491768e+01
   9.2401127e+01
   9.2309391e+01
   9.2216548e+01
   9.2122583e+01
   9.2027485e+01
   9.1931239e+01
   9.1833830e+01
   9.1735246e+01
   9.1635471e+01
   9.1534492e+01
   9.1432294e+01
   9.1328862e+01
   9.1224182e+01
   9.1118238e+01
   9.1011014e+01
   9.0902497e+01
   9.0792669e+01
   9.0681516e+01
   9.0569020e+01
   9.0455167e+01
   9.0339939e+01
   9.0223320e+01
   9.0105293e+01
   8.9985841e+01
   8.9864947e+01
   8.9742594e+01
   8.9618763e+01
   8.9493438e+01
   8.9366600e+01
   8.9238230e+01
   8.9108311e+01
   8.8976824e+01
   8.8843749e+01
   8.8709067e+01
   8.8572760e+01
   8.8434807e+01
   8.8295188e+01
   8.8153885e+01
   8.8010875e+01
   8.7866139e+01
   8.7719655e+01
   8.7571403e+01
   8.7421362e+01
   8.7269509e+01
   8.7115823e+01
   8.6960281e+01
   8.6802862e+01
   8.6643542e+01
   8.6482299e+01
   8.6319110e+01
   8.6153950e+01
   8.5986796e+01
   8.5817625e+01
   8.5646411e+01
   8.5473131e+01
   8.5297758e+01
   8.5120268e+01
   8.4940636e+01
   8.4758835e+01
   8.4574839e+01
   8.4388622e+01
   8.4200157e+01
   8.4009417e+01
   8.3816374e+01
   8.3621000e+01
   8.3423268e+01
   8.3223149e+01
   8.3020614e+01
   8.2815634e+01
   8.2608180e+01
   8.2398221e+01
   8.2185727e+01
   8.1970668e+01
   8.1753012e+01
   8.1532730e+01
   8.1309787e+01
   8.1084154e+01
   8.0855796e+01
   8.0624682e+01
   8.0390777e+01
   8.0154049e+01
   7.9914463e+01
   7.9671985e+01
   7.9426579e+01
   7.9178211e+01
   7.8926844e+01
   7.8672443e+01
   7.8414970e+01
   7.8154390e+01
   7.7890663e+01
   7.7623753e+01
   7.7353620e+01
   7.7080227e+01
   7.6803533e+01
   7.6523498e+01
   7.6240083e+01
   7.5953246e+01
   7.5662947e+01
   7.5369143e+01
   7.5071792e+01
   7.4770852e+01
   7.4466278e+01
   7.4158028e+01
   7.3846056e+01
   7.3530318e+01
   7.3210768e+01
   7.2887361e+01
   7.2560049e+01
   7.2228786e+01
   7.1893524e+01
   7.1554215e+01
   7.1210809e+01
   7.0863258e+01
   7.0511511e+01
   7.0155517e+01
   6.9795226e+01
   6.9430585e+01
   6.9061542e+01
   6.8688044e+01
   6.8310037e+01
   6.7927467e+01
   6.7540278e+01
   6.7148415e+01
   6.6751821e+01
   6.6350439e+01
   6.5944212e+01
   6.5533081e+01
   6.5116986e+01
   6.4695868e+01
   6.4269667e+01
   6.3838320e+01
   6.3401766e+01
   6.2959941e+01
   6.2512783e+01
   6.2060226e+01
   6.1602206e+01
   6.1138657e+01
   6.0669512e+01
   6.0194703e+01
   5.9714162e+01
   5.9227819e+01
   5.8735606e+01
   5.8237450e+01
   5.7733281e+01
   5.7223025e+01
   5.6706609e+01
   5.6183958e+01
   5.5654998e+01
   5.5119653e+01
   5.4577844e+01
   5.4029495e+01
   5.3474526e+01
   5.2912857e+01
   5.2344407e+01
   5.1769095e+01
   5.1186837e+01
   5.0597551e+01
   5.0001150e+01
   4.9397550e+01
   4.8786662e+01
   4.8168400e+01
   4.7542674e+01
   4.6909394e+01
   4.6268469e+01
   4.5619806e+01
   4.4963313e+01
   4.4298894e+01
   4.3626454e+01
   4.2945897e+01
   4.2257123e+01
   4.1560034e+01
   4.0854530e+01
   4.0140509e+01
   3.9417868e+01
   3.8686503e+01
   3.7946309e+01
   3.7197179e+01
   3.6439005e+01
   3.5671678e+01
   3.4895088e+01
   3.4109123e+01
   3.3313669e+01
   3.2508612e+01
   3.1693837e+01
   3.0869225e+01
   3.0034658e+01
   2.9190017e+01
   2.8335178e+01
   2.7470020e+01
   2.6594417e+01
   2.5708243e+01
   2.4811372e+01
   2.3903673e+01
   2.2985016e+01
   2.2055269e+01
   2.1114298e+01
   2.0161967e+01
   1.9198139e+01
   1.8222675e+01
   1.7235436e+01
   1.6236278e+01
   1.5225058e+01
   1.4201631e+01
   1.3165848e+01
   1.2144014e+01
   1.1172914e+01
   1.0252228e+01
   9.3813904e+00
   8.5597924e+00
   7.7867593e+00
   7.0615329e+00
   6.3832521e+00
   5.7509387e+00
   5.1634880e+00
   4.6196630e+00
   4.1180939e+00
   3.6572806e+00
   3.2356004e+00
   2.8513185e+00
   2.5026019e+00
   2.1875358e+00
   1.9041422e+00
   1.6503994e+00
   1.4242629e+00
   1.2236856e+00
   1.0466378e+00
   8.9112679e-01
   7.5521351e-01
   6.3702876e-01
   5.3478634e-01
   4.4679424e-01
   3.7146329e-01
   3.0731330e-01
   2.5297697e-01
   2.0720145e-01
   1.6884788e-01
   1.3688921e-01
   1.1040639e-01
   8.8583322e-02
   7.0700853e-02
   5.6130017e-02
   4.4324835e-02
   3.4814872e-02
   2.7197760e-02
   2.1131857e-02
   1.6329186e-02
   1.2548749e-02
   9.5903100e-03
   7.2886805e-03
   5.5085524e-03
   4.1398737e-03
   3.0937621e-03
   2.2989341e-03
   1.6986190e-03
   1.2479168e-03
   9.1156212e-04
   6.6204731e-04
   4.7806325e-04
   3.4321562e-04
   2.4497750e-04
   1.7384220e-04
   1.2264411e-04
   8.6018860e-05
   5.9977630e-05
   4.1574498e-05
   2.8648407e-05
   1.9624726e-05
   1.3363816e-05
   9.0463927e-06
   6.0874159e-06
   4.0719063e-06
   2.7074767e-06
   1.7894882e-06
   1.1756698e-06
   7.6776726e-07
   4.9837595e-07
   3.2156106e-07
   2.0622651e-07
   1.3146076e-07
   8.3294134e-08
   5.2456037e-08
   3.2834893e-08
   2.0428251e-08
   1.2632191e-08
   7.7638071e-09
   4.7425945e-09
   2.8793818e-09
   1.7374862e-09
   1.0420278e-09
   6.2111228e-10
   3.6795176e-10
   2.1664009e-10
   1.2676845e-10
   7.3723393e-11
   4.2610693e-11
   2.4476455e-11
   1.3973094e-11
   7.9277216e-12
   4.4700624e-12
   2.5048738e-12
   1.3949639e-12
   7.7204516e-13
   4.2464199e-13
   2.3211411e-13
   1.2608879e-13
   6.8068431e-14
   3.6518030e-14
   1.9469704e-14
   1.0315728e-14
   5.4315912e-15
   2.8420985e-15
   1.4778632e-15
   7.6367867e-16
   3.9216306e-16
   2.0012467e-16
   1.0148709e-16
   5.1144110e-17
   2.5612588e-17
   1.2746260e-17
   6.3035029e-18
   3.0977726e-18
   1.5128087e-18
   7.3414843e-19
   3.5403623e-19
   1.6965789e-19
   8.0790728e-20
   3.8230389e-20
   1.7976877e-20
   8.3999518e-21
   3.9002729e-21
   1.7995651e-21
   8.2507447e-22
