   9.9997521e+01
   9.9997484e+01
   9.9997446e+01
   9.9997407e+01
   9.9997368e+01
   9.9997328e+01
   9.9997288e+01
   9.9997247e+01
   9.9997205e+01
   9.9997163e+01
   9.9997120e+01
   9.9997077e+01
   9.9997032e+01
   9.9996988e+01
   9.9996942e+01
   9.9996896e+01
   9.9996849e+01
   9.9996801e+01
   9.9996753e+01
   9.9996704e+01
   9.9996654e+01
   9.9996603e+01
   9.9996552e+01
   9.9996500e+01
   9.9996447e+01
   9.9996393e+01
   9.9996339e+01
   9.9996284e+01
   9.9996227e+01
   9.9996170e+01
   9.9996113e+01
   9.9996054e+01
   9.9995994e+01
   9.9995934e+01
   9.9995872e+01
   9.9995810e+01
   9.9995746e+01
   9.9995682e+01
   9.9995617e+01
   9.9995551e+01
   9.9995483e+01
   9.9995415e+01
   9.9995346e+01
   9.9995276e+01
   9.9995204e+01
   9.9995132e+01
   9.9995058e+01
   9.9994983e+01
   9.9994908e+01
   9.9994831e+01
   9.9994752e+01
   9.9994673e+01
   9.9994593e+01
   9.9994511e+01
   9.9994428e+01
   9.9994344e+01
   9.9994258e+01
   9.9994172e+01
   9.9994083e+01
   9.9993994e+01
   9.9993903e+01
   9.9993811e+01
   9.9993718e+01
   9.9993623e+01
   9.9993526e+01
   9.9993428e+01
   9.9993329e+01
   9.9993228e+01
   9.9993126e+01
   9.9993022e+01
   9.9992917e+01
   9.9992810e+01
   9.9992701e+01
   9.9992591e+01
   9.9992479e+01
   9.9992365e+01
   9.9992250e+01
   9.9992132e+01
   9.9992013e+01
   9.9991893e+01
   9.9991770e+01
   9.9991646e+01
   9.9991520e+01
   9.9991391e+01
   9.9991261e+01
   9.9991129e+01
   9.9990995e+01
   9.9990859e+01
   9.9990721e+01
   9.9990581e+01
   9.9990438e+01
   9.9990294e+01
   9.9990147e+01
   9.9989998e+01
   9.9989847e+01
   9.9989694e+01
   9.9989538e+01
   9.9989380e+01
   9.9989219e+01
   9.9989056e+01
   9.9988891e+01
   9.9988723e+01
   9.9988553e+01
   9.9988380e+01
   9.9988204e+01
   9.9988026e+01
   9.9987845e+01
   9.9987661e+01
   9.9987475e+01
   9.9987285e+01
   9.9987093e+01
   9.9986898e+01
   9.9986700e+01
   9.9986499e+01
   9.9986295e+01
   9.9986088e+01
   9.9985878e+01
   9.9985664e+01
   9.9985448e+01
   9.9985228e+01
   9.9985004e+01
   9.9984778e+01
   9.9984548e+01
   9.9984314e+01
   9.9984077e+01
   9.9983837e+01
   9.9983592e+01
   9.9983344e+01
   9.9983093e+01
   9.9982837e+01
   9.9982578e+01
   9.9982314e+01
   9.9982047e+01
   9.9981776e+01
   9.9981500e+01
   9.9981221e+01
   9.9980937e+01
   9.9980649e+01
   9.9980356e+01
   9.9980059e+01
   9.9979758e+01
   9.9979452e+01
   9.9979142e+01
   9.9978826e+01
   9.9978506e+01
   9.9978182e+01
   9.9977852e+01
   9.9977517e+01
   9.9977177e+01
   9.9976832e+01
   9.9976482e+01
   9.9976127e+01
   9.9975766e+01
   9.9975400e+01
   9.9975028e+01
   9.9974651e+01
   9.9974267e+01
   9.9973879e+01
   9.9973484e+01
   9.9973083e+01
   9.9972676e+01
   9.9972263e+01
   9.9971844e+01
   9.9971419e+01
   9.9970987e+01
   9.9970548e+01
   9.9970103e+01
   9.9969651e+01
   9.9969193e+01
   9.9968727e+01
   9.9968254e+01
   9.9967775e+01
   9.9967288e+01
   9.9966793e+01
   9.9966291e+01
   9.9965782e+01
   9.9965265e+01
   9.9964740e+01
   9.9964207e+01
   9.9963666e+01
   9.9963117e+01
   9.9962559e+01
   9.9961994e+01
   9.9961419e+01
   9.9960836e+01
   9.9960244e+01
   9.9959643e+01
   9.9959033e+01
   9.9958414e+01
   9.9957786e+01
   9.9957148e+01
   9.9956500e+01
   9.9955843e+01
   9.9955175e+01
   9.9954498e+01
   9.9953810e+01
   9.9953112e+01
   9.9952404e+01
   9.9951684e+01
   9.9950954e+01
   9.9950213e+01
   9.9949460e+01
   9.9948697e+01
   9.9947921e+01
   9.9947134e+01
   9.9946335e+01
   9.9945524e+01
   9.9944701e+01
   9.9943865e+01
   9.9943017e+01
   9.9942156e+01
   9.9941281e+01
   9.9940394e+01
   9.9939493e+01
   9.9938579e+01
   9.9937651e+01
   9.9936708e+01
   9.9935752e+01
   9.9934781e+01
   9.9933795e+01
   9.9932794e+01
   9.9931779e+01
   9.9930748e+01
   9.9929701e+01
   9.9928639e+01
   9.9927560e+01
   9.9926465e+01
   9.9925354e+01
   9.9924226e+01
   9.9923081e+01
   9.9921918e+01
   9.9920738e+01
   9.9919540e+01
   9.9918324e+01
   9.9917090e+01
   9.9915837e+01
   9.9914565e+01
   9.9913274e+01
   9.9911963e+01
   9.9910633e+01
   9.9909282e+01
   9.9907911e+01
   9.9906519e+01
   9.9905106e+01
   9.9903672e+01
   9.9902217e+01
   9.9900739e+01
   9.9899239e+01
   9.9897716e+01
   9.9896170e+01
   9.9894601e+01
   9.9893008e+01
   9.9891391e+01
   9.9889749e+01
   9.9888083e+01
   9.9886392e+01
   9.9884675e+01
   9.9882932e+01
   9.9881163e+01
   9.9879367e+01
   9.9877544e+01
   9.9875693e+01
   9.9873814e+01
   9.9871907e+01
   9.9869971e+01
   9.9868006e+01
   9.9866011e+01
   9.9863986e+01
   9.9861931e+01
   9.9859844e+01
   9.9857726e+01
   9.9855576e+01
   9.9853393e+01
   9.9851177e+01
   9.9848928e+01
   9.9846645e+01
   9.9844327e+01
   9.9841975e+01
   9.9839586e+01
   9.9837162e+01
   9.9834701e+01
   9.9832203e+01
   9.9829667e+01
   9.9827093e+01
   9.9824480e+01
   9.9821827e+01
   9.9819134e+01
   9.9816401e+01
   9.9813626e+01
   9.9810809e+01
   9.9807950e+01
   9.9805048e+01
   9.9802101e+01
   9.9799110e+01
   9.9796074e+01
   9.9792992e+01
   9.9789864e+01
   9.9786688e+01
   9.9783464e+01
   9.9780192e+01
   9.9776870e+01
   9.9773498e+01
   9.9770075e+01
   9.9766600e+01
   9.9763072e+01
   9.9759492e+01
   9.9755857e+01
   9.9752167e+01
   9.9748421e+01
   9.9744619e+01
   9.9740760e+01
   9.9736842e+01
   9.9732865e+01
   9.9728827e+01
   9.9724729e+01
   9.9720569e+01
   9.9716346e+01
   9.9712059e+01
   9.9707707e+01
   9.9703290e+01
   9.9698806e+01
   9.9694254e+01
   9.9689633e+01
   9.9684942e+01
   9.9680181e+01
   9.9675348e+01
   9.9670441e+01
   9.9665460e+01
   9.9660404e+01
   9.9655272e+01
   9.9650062e+01
   9.9644774e+01
   9.9639405e+01
   9.9633955e+01
   9.9628423e+01
   9.9622808e+01
   9.9617107e+01
   9.9611320e+01
   9.9605446e+01
   9.9599483e+01
   9.9593430e+01
   9.9587286e+01
   9.9581048e+01
   9.9574717e+01
   9.9568289e+01
   9.9561765e+01
   9.9555142e+01
   9.9548419e+01
   9.9541594e+01
   9.9534666e+01
   9.9527633e+01
   9.9520495e+01
   9.9513248e+01
   9.9505891e+01
   9.9498424e+01
   9.9490844e+01
   9.9483149e+01
   9.9475337e+01
   9.9467408e+01
   9.9459359e+01
   9.9451188e+01
   9.9442894e+01
   9.9434475e+01
   9.9425928e+01
   9.9417252e+01
   9.9408445e+01
   9.9399504e+01
   9.9390429e+01
   9.9381217e+01
   9.9371865e+01
   9.9362372e+01
   9.9352735e+01
   9.9342953e+01
   9.9333023e+01
   9.9322943e+01
   9.9312711e+01
   9.9302324e+01
   9.9291780e+01
   9.9281076e+01
   9.9270211e+01
   9.9259182e+01
   9.9247986e+01
   9.9236621e+01
   9.9225084e+01
   9.9213372e+01
   9.9201484e+01
   9.9189416e+01
   9.9177165e+01
   9.9164730e+01
   9.9152106e+01
   9.9139292e+01
   9.9126284e+01
   9.9113080e+01
   9.9099675e+01
   9.9086069e+01
   9.9072257e+01
   9.9058235e+01
   9.9044003e+01
   9.9029554e+01
   9.9014888e+01
   9.9000000e+01
   9.8984887e+01
   9.8969545e+01
   9.8953972e+01
   9.8938163e+01
   9.8922116e+01
   9.8905826e+01
   9.8889289e+01
   9.8872503e+01
   9.8855463e+01
   9.8838166e+01
   9.8820607e+01
   9.8802783e+01
   9.8784689e+01
   9.8766322e+01
   9.8747677e+01
   9.8728751e+01
   9.8709538e+01
   9.8690036e+01
   9.8670238e+01
   9.8650141e+01
   9.8629741e+01
   9.8609032e+01
   9.8588010e+01
   9.8566671e+01
   9.8545009e+01
   9.8523019e+01
   9.8500697e+01
   9.8478038e+01
   9.8455037e+01
   9.8431688e+01
   9.8407986e+01
   9.8383926e+01
   9.8359502e+01
   9.8334709e+01
   9.8309541e+01
   9.8283993e+01
   9.8258059e+01
   9.8231733e+01
   9.8205009e+01
   9.8177881e+01
   9.8150343e+01
   9.8122389e+01
   9.8094013e+01
   9.8065208e+01
   9.8035967e+01
   9.8006284e+01
   9.7976153e+01
   9.7945567e+01
   9.7914518e+01
   9.7883000e+01
   9.7851006e+01
   9.7818528e+01
   9.7785559e+01
   9.7752092e+01
   9.7718119e+01
   9.7683633e+01
   9.7648626e+01
   9.7613089e+01
   9.7577016e+01
   9.7540397e+01
   9.7503225e+01
   9.7465491e+01
   9.7427187e+01
   9.7388304e+01
   9.7348833e+01
   9.7308766e+01
   9.7268093e+01
   9.7226805e+01
   9.7184894e+01
   9.7142349e+01
   9.7099161e+01
   9.7055320e+01
   9.7010817e+01
   9.6965642e+01
   9.6919783e+01
   9.6873232e+01
   9.6825977e+01
   9.6778007e+01
   9.6729313e+01
   9.6679883e+01
   9.6629706e+01
   9.6578770e+01
   9.6527065e+01
   9.6474579e+01
   9.6421299e+01
   9.6367213e+01
   9.6312311e+01
   9.6256579e+01
   9.6200004e+01
   9.6142574e+01
   9.6084277e+01
   9.6025098e+01
   9.5965025e+01
   9.5904045e+01
   9.5842142e+01
   9.5779304e+01
   9.5715517e+01
   9.5650765e+01
   9.5585035e+01
   9.5518311e+01
   9.5450579e+01
   9.5381823e+01
   9.5312028e+01
   9.5241179e+01
   9.5169258e+01
   9.5096251e+01
   9.5022140e+01
   9.4946910e+01
   9.4870542e+01
   9.4793020e+01
   9.4714327e+01
   9.4634444e+01
   9.4553354e+01
   9.4471039e+01
   9.4387479e+01
   9.4302657e+01
   9.4216552e+01
   9.4129147e+01
   9.4040420e+01
   9.3950353e+01
   9.3858924e+01
   9.3766113e+01
   9.3671900e+01
   9.3576263e+01
   9.3479181e+01
   9.3380631e+01
   9.3280592e+01
   9.3179042e+01
   9.3075956e+01
   9.2971312e+01
   9.2865087e+01
   9.2757257e+01
   9.2647797e+01
   9.2536683e+01
   9.2423889e+01
   9.2309391e+01
   9.2193162e+01
   9.2075177e+01
   9.1955409e+01
   9.1833830e+01
   9.1710414e+01
   9.1585133e+01
   9.1457959e+01
   9.1328862e+01
   9.1197815e+01
   9.1064787e+01
   9.0929748e+01
   9.0792669e+01
   9.0653518e+01
   9.0512264e+01
   9.0368875e+01
   9.0223320e+01
   9.0075564e+01
   8.9925575e+01
   8.9773320e+01
   8.9618763e+01
   8.9461871e+01
   8.9302608e+01
   8.9140937e+01
   8.8976824e+01
   8.8810230e+01
   8.8641118e+01
   8.8469450e+01
   8.8295188e+01
   8.8118293e+01
   8.7938724e+01
   8.7756441e+01
   8.7571403e+01
   8.7383569e+01
   8.7192896e+01
   8.6999342e+01
   8.6802862e+01
   8.6603413e+01
   8.6400949e+01
   8.6195426e+01
   8.5986796e+01
   8.5775014e+01
   8.5560031e+01
   8.5341799e+01
   8.5120268e+01
   8.4895390e+01
   8.4667113e+01
   8.4435386e+01
   8.4200157e+01
   8.3961373e+01
   8.3718980e+01
   8.3472924e+01
   8.3223149e+01
   8.2969600e+01
   8.2712218e+01
   8.2450947e+01
   8.2185727e+01
   8.1916499e+01
   8.1643201e+01
   8.1365774e+01
   8.1084154e+01
   8.0798277e+01
   8.0508080e+01
   8.0213498e+01
   7.9914463e+01
   7.9610909e+01
   7.9302767e+01
   7.8989969e+01
   7.8672443e+01
   7.8350118e+01
   7.8022922e+01
   7.7690781e+01
   7.7353620e+01
   7.7011364e+01
   7.6663935e+01
   7.6311256e+01
   7.5953246e+01
   7.5589826e+01
   7.5220914e+01
   7.4846426e+01
   7.4466278e+01
   7.4080385e+01
   7.3688661e+01
   7.3291016e+01
   7.2887361e+01
   7.2477606e+01
   7.2061658e+01
   7.1639424e+01
   7.1210809e+01
   7.0775716e+01
   7.0334048e+01
   6.9885704e+01
   6.9430585e+01
   6.8968587e+01
   6.8499608e+01
   6.8023540e+01
   6.7540278e+01
   6.7049712e+01
   6.6551732e+01
   6.6046226e+01
   6.5533081e+01
   6.5012180e+01
   6.4483407e+01
   6.3946642e+01
   6.3401766e+01
   6.2848654e+01
   6.2287183e+01
   6.1717227e+01
   6.1138657e+01
   6.0551343e+01
   5.9955153e+01
   5.9349953e+01
   5.8735606e+01
   5.8111974e+01
   5.7478918e+01
   5.6836294e+01
   5.6183958e+01
   5.5521764e+01
   5.4849561e+01
   5.4167200e+01
   5.3474526e+01
   5.2771383e+01
   5.2057614e+01
   5.1333058e+01
   5.0597551e+01
   4.9850928e+01
   4.9093022e+01
   4.8323662e+01
   4.7542674e+01
   4.6749883e+01
   4.5945111e+01
   4.5128176e+01
   4.4298894e+01
   4.3457080e+01
   4.2602543e+01
   4.1735091e+01
   4.0854530e+01
   3.9960661e+01
   3.9053282e+01
   3.8132191e+01
   3.7197179e+01
   3.6248035e+01
   3.5284548e+01
   3.4306499e+01
   3.3313669e+01
   3.2305834e+01
   3.1282768e+01
   3.0244240e+01
   2.9190017e+01
   2.8119861e+01
   2.7033532e+01
   2.5930785e+01
   2.4811372e+01
   2.3675041e+01
   2.2521537e+01
   2.1350600e+01
   2.0161967e+01
   1.8955369e+01
   1.7730536e+01
   1.6487193e+01
   1.5225058e+01
   1.3943849e+01
   1.2648636e+01
   1.1410942e+01
   1.0252228e+01
   9.1713998e+00
   8.1672504e+00
   7.2384029e+00
   6.3832521e+00
   5.5999162e+00
   4.8862048e+00
   4.2396046e+00
   3.6572806e+00
   3.1360939e+00
   2.6726325e+00
   2.2632549e+00
   1.9041422e+00
   1.5913573e+00
   1.3209068e+00
   1.0888036e+00
   8.9112679e-01
   7.2407656e-01
   5.8402283e-01
   4.6754503e-01
   3.7146329e-01
   2.9286009e-01
   2.2909294e-01
   1.7779851e-01
   1.3688921e-01
   1.0454347e-01
   7.9190854e-02
   5.9493467e-02
   4.4324835e-02
   3.2747467e-02
   2.3990083e-02
   1.7425348e-02
   1.2548749e-02
   8.9590854e-03
   6.3408485e-03
   4.4486572e-03
   3.0937621e-03
   2.1325580e-03
   1.4569725e-03
   9.8655192e-04
   6.6204731e-04
   4.4029306e-04
   2.9017662e-04
   1.8951149e-04
   1.2264411e-04
   7.8646978e-05
   4.9972180e-05
   3.1461023e-05
   1.9624726e-05
   1.2128553e-05
   7.4263937e-06
   4.5050532e-06
   2.7074767e-06
   1.6119910e-06
   9.5078930e-07
   5.5554695e-07
   3.2156106e-07
   1.8437587e-07
   1.0472122e-07
   5.8917954e-08
   3.2834893e-08
   1.8125561e-08
   9.9107919e-09
   5.3675951e-09
   2.8793818e-09
   1.5298919e-09
   8.0511569e-10
   4.1964897e-10
   2.1664009e-10
   1.1076713e-10
   5.6091522e-11
   2.8131490e-11
   1.3973094e-11
   6.8737230e-12
   3.3487789e-12
   1.6157400e-12
   7.7204516e-13
   3.6533892e-13
   1.7120920e-13
   7.9457005e-14
   3.6518030e-14
   1.6620679e-14
   7.4912236e-15
   3.3436111e-15
   1.4778632e-15
   6.4685177e-16
   2.8036514e-16
   1.2033410e-16
   5.1144110e-17
   2.1524925e-17
   8.9706459e-18
   3.7020204e-18
   1.5128087e-18
   6.1214794e-19
   2.4527493e-19
   9.7313144e-20
   3.8230389e-20
   1.4871751e-20
   5.7283431e-21
   2.1847759e-21
   8.2507447e-22
